// Reference=MNI			//24814646-1			// Subjects=20	-49.45	2.91	54.27-57.01	11.5	6	35.17	-26.2	49.1	55.18	-17.26	37.27	-9.29	10.5	69.05	22.44	0.06	66.25	-30.43	-1.54	47.8	-21.95	-0.79	58.8	47.75	3.59	51.43	28.76	-0.37	58.47	-59.1	13.14	15.89	-54.84	9.38	22.78	61.24	33.43	2.69	-9.28	-13.39	40.72	11.84	-8.87	42.5	-65.3	-23.68	18.45	-54.7	-20.41	35.92	-36.66	-30.87	52.07	-32.35	-41.51	67.2	69.91	-17.57	12.79	28.95	-44.01	69.23	41.57	-34.99	59.66	-23.89	-50.32	59.98	18.41	-74.36	40.29	22.68	-81.27	47.4	14.1	-37.53	56.66	43.65	-74.75	-4.23	-21.69	-87.23	42.52	-15.36	-89.89	32.67	-13.34	-77.16	16.25	22.68	-84.9	39.88	14.11	-70.43	18.96	-0.7	-81.5	-4.61	-9.1	-90.55	3.83	-17.65	-75.6	-9.36	-19.74	-75.15	-1.61	24.62	-70.58	-2.18	28.88	-81.18	-3.7	24.62	-63.73	6.23	-58.9	-47.28	11.14	65.74	-33.29	15	63.62	-37.07	5.29	57.35	-57.15	5.59	-3.01	-32.21	-9.08	3.37	-35.75	1.11	1.1	9.61	1.35
//24814646-2			// Subjects=20			-49.47	3.56	47.56	-11.42	16.78	68.63	-21.94	1.92	68.6	1.25	5.3	51.58	-2.96	7.98	61.42	-38.87	3.47	61.93	-45.22	3.02	55.34	-26.2	10.09	64.74	49.84	6.49	46.78	24.52	6.11	61.38	-9.28	-13.46	39.61	-30.3	-31.53	57.62	65.73	-26.79	17.89	39.45	-32.78	61.74	-30.22	-42.27	71.68	26.86	-55.01	62.22	-49.42	-29.58	23.2	-23.88	-52.55	57.91	-11.25	-39.71	59.18	52.16	-81.29	8.38	-13.24	-91.77	36.12	-23.81	-85.29	40.18	-11.28	-81.72	-6.76	-51.49	-49.12	14.56	-56.8	-42.99	11.95	59.41	-37.82	10.91	-47.19	-70.36	11.55	52.12	-65.2	12.83	-0.9	-27.85	-7.18	-7.24	-33.43	-11.2	11.8	-31.74	-3.65

//24814646-3			// Subjects=20			-17.72	8.6	73.67	-11.42	16.92	70.84	-22.29	57.64	13.73	-26.24	8.09	49.34	-40.83	-35.28	66.82	-28.13	-35.88	72.34	31.08	-43.59	75.85	20.52	-48.02	73.99	37.39	-39.61	71.1	-25.99	-46.57	69.73	-63.12	-35.59	30.35	-65.19	-38.02	42.73	-63.06	-46.88	35.56	-49.31	-71.64	8.32	61.62	-69.72	6.42	52.15	-80.38	6.1	-25.98	-75.07	35.05	-23.81	-87.39	40.32	-15.34	-96.2	33.11	-45.2	-56.01	-12.76	45.6	-39.83	-19.95	-52.81	10.92	-3.98	-49.35	-55.47	13.87	61.54	-37.33	18.63	65.78	-46.24	10.34	39.36	-63.84	-14.94	5.57	-81.74	-26.83

//24814646-4			// Subjects=20			20.39	-59.23	11.5	-54.57	-75.68	11.95	-49.29	-81.56	1.23	-6.96	-94.46	8.52	-6.91	-96.67	24.21	3.58	-94.85	0.72	-40.97	-58.21	-14.85	41.45	-57.39	-13.17	28.79	-57.15	-7.56	63.68	-48.22	12.71	59.51	-67.51	8.5	61.6	-68.1	-1.46	-13.47	-51.51	4.51	11.85	-44.22	-0.58

//24814646-5			// Subjects=20			-49.3	-79.39	2.19	-15.34	-93.96	35.17	-21.69	-87.37	40.31	31.12	-89.64	30.16	33.22	-80.74	37.31	41.45	-57.39	-13.17	54.19	-54.74	10.99	-49.28	-73.26	16.2	59.51	-67.37	10.71	59.51	-72.18	1.05	39.38	-67.91	-12.44

//24814646-6			// Subjects=20			-47.34	2.93	54.25	-9.29	12.74	71.12	-36.78	-0.54	47.77	-47.37	3.3	43.13	49.86	5.84	53.48	47.73	4.23	44.73	22.41	8.32	63.46	28.74	5.87	56.93	-9.28	-13.39	40.72	20.41	-63.5	10.68	-34.52	-31.43	59.86	-32.35	-40.32	69.34	41.57	-32.62	63.93	67.85	-26.64	20.08	-51.53	-31.7	23.35	-23.88	-52.42	60.12	18.41	-74.36	40.29	-21.7	-85.13	42.37	-17.48	-89.91	32.69	-11.24	-75.05	16.09	16.23	-70.41	18.95	22.67	-82.8	39.73	22.67	-89.71	30.22	14.22	-94.25	26.14	-7.01	-87.51	1.39	24.65	-79.11	-3.82	22.51	-70.59	-2.17	-52.55	-47.03	14.42	59.42	-39.92	11.05	-47.19	-70.36	11.55	52.09	-61.13	10.33	57.38	-65.56	6.16

//24814646-7			// Subjects=20			-61.21	7.53	10.73	51.81	31.82	29.49	54.85	46.97	0.69	-52.74	9.26	20.55	63.35	34.5	2.61	61.25	25.6	-4.54	51.82	20.57	18.06	54.96	30.05	17.39	-54.72	-16.34	33.42	-49.41	-22.53	34.92	-42.95	-37.87	59.24	-56.1	45.9	-0.8	-63.09	-57.82	11.89	-56.77	-51.47	11.42	-67.35	-42.68	18.65	61.54	-39.77	13.25	63.59	-30.97	1.54	9.57	-30.06	-44.82	-5.22	3.19	0.71	-9.45	9.93	8.05	-17.93	9.18	-2.95				//24814646-9			// Subjects=20			-45.37	5.29	6.35	-24.07	6.04	67.22	22.04	41.78	-27.62	20	57.35	20.16	-24.08	-3.31	52.32	-24.29	31.7	21.07	-22.29	58.82	15.87	-52.94	43.22	-10.63	-43.37	45.97	15.77	-30.68	39.44	10.59	26.63	1.45	53.92	-59.1	17.82	23.34	-24.35	17.43	-22.35	26.35	22.2	-20.75	36.96	9.47	-23.27	43.31	14.41	-12.55	-43.24	8.93	13.86	43.39	-10.03	-15.32	-20.06	27.06	13.59	15.9	18.1	17.33	-19.8	-35.37	27.86	5.52	-14.18	42.9	-38.72	-33.16	66.66	-51.44	-29.74	55.4	28.94	-35.14	76.39	28.97	-45.84	73.79	20.54	-54.45	72.21	-63.13	-31.46	28.95	57.35	-33.2	35.02	-26	-68.83	33.51	-32.38	-77.73	9.74	54.22	-74.67	-4.29	49.96	-69.79	-10.15	41.58	-74.87	11.33	-45.26	-39.2	-13.91	-45.18	-55.6	-6.12	43.6	-59.98	-4.13	-45.41	5.26	-11.4	-59.14	11.07	-0.62	59.19	3.9	-14.14	-51.42	-69.21	13.71	-37.01	-0.36	-35.48	34.81	0.61	-47.07	59.49	-65.74	2.83	49.84	-43.86	-17.48	-32.55	-38.42	-2.94	-24.32	-5.91	-41.84	-17.82	-9.83	13.89	-5.12	-37.88	-15.34	-3.09	-22.85	-28.59	-17.84	-36.7	-28.67	-3.04	-38.68	-28.62	-5.25	-23.82	-44.05				//24814646-8			// Subjects=20			30.86	-46.56	-7.19	24.48	-38.35	-9.94	22.28	-21.11	-21.09	-19.82	-53.15	-4.22	-7.03	-87.99	-6.35	-19.76	-73.32	-6.17	12.04	-90.24	5.9	9.95	-87.34	19.03	-17.69	-53.71	3.57	37.45	-82.81	37.43	35.34	-87.5	29.99	-34.39	-85.65	35.82	3.66	-80.52	45.24	-15.44	-70	30.2	18.29	-55.55	20.14	-9.2	-55.14	13.61				//24814646-10			// Subjects=20			9.36	72.61	12.52	28.36	72.36	5.77	34.98	29.88	51.92	28.33	70.57	-6.32	5.08	63.26	-19	0.88	59.43	-12.05	1.05	11.82	-14.34	35.26	-96.24	-9.36	5.73	-96.46	8.58	-2.74	-99.1	1.04	-55.91	6.86	16.3	57.36	-50.04	18.42	30.83	-40.4	-9.83				//24583253-1			// Subjects=17			-6.45	39.07	-16.16	-44.09	-23.78	48.29	16.18	-77.15	-5.01	35.29	-74.96	28.02	-24.91	-81.77	28.84	-47.17	-69.76	21.49				//24583253-2			// Subjects=17			31.93	-48.45	-3.74	25.65	-67.82	-9.03	35.27	-65.1	34.01	3.61	-85.09	22.24	41.48	-54.27	3.26				//24583253-3			// Subjects=17			41.37	-36.38	-14.61	47.88	-70.18	0.99	32.09	-85.87	5.48	-47.2	-67.21	11.33				//23414211-1			// Subjects=18			3.03	45.45	-16.66	28.8	-61.29	-6.17	22.38	-39.28	-7.64	-31.47	-42.27	2.87				//23414211-2			// Subjects=18			9.48	58.41	39.02	-15.86	41.42	23.68	12.59	39.84	-6.34	-6.33	14.46	-4.49	-9.18	-60.39	13.97	56.97	23.03	-28.76	-41.2	-6.36	-29.5	-66.57	-3.42	-29.55	28.74	-45.53	-7.25	-28.3	-49.16	-6.67	16.32	-101.35	13.29	-25.09	-65.5	-15.55	-12.59	-38.65	-44.1				//23414211-3			// Subjects=18			-5.98	-25.19	71.47	-16.01	68.77	5.16	-15.95	39.39	-9.47	-60.3	36.07	-5.65	-28.24	-27.2	41.78	-34.7	-19.63	11.33	-53.46	-68.79	38.11	74.04	-17.6	-22.75	38.29	-82.35	-41.41				//23238964-1			// Subjects=10			-5.9	-72.46	40.3	-42.99	-66.26	9.02	60.43	-53.57	-22.42	9.77	-45.66	10.63	53	2.82	38.13	-55.96	21.71	17.5	-27.61	17.75	-51.21	13.55	46.76	-31.24	-12.73	56.63	30.39				//23238964-2			// Subjects=10			25.28	56.21	17.99	59.5	-31.05	52.62	51.83	4.78	1.38				//22759716			// Subjects=4			6.78	-92.96	13.89	-9.12	-81.74	9.88	0.39	-77.12	15.06	-52.48	-72.85	6.2	39.43	-65.57	8.49	-18.71	-63.25	3.12	-40.94	-64.51	-14.42	7.8	-59.54	42.67	-20.85	-55.77	4.84	-21.91	-53.68	4.71	51.91	12.47	40.81				//22745788			// Subjects=17			34.84	26.5	-3.34	-26.45	23.62	-7.22	53.93	21.71	19.07	-55.96	22.76	17.43	-2.76	-52.51	55.57	-30.17	-62.84	63.1	-45.07	-42.5	52.91				//9831460			// Subjects=7			1.03	49.26	28.6	5.18	68.07	25.07	-40.95	-70.31	-22.9	60.59	-76.1	5.76	20.1	48.4	46.3	-1.12	49.48	15.28	-43.11	-50.87	-15.34	3.2	14.03	4.36	-2.66	-86.94	44.61	-11.11	-84.5	51.15	-0.55	-79.94	55.21	55.87	42.67	-17.89	50.01	-74.23	3.47				//25286145			// Subjects=13			7.49	-7.35	-0.86	-7.28	-11.54	1.73	26.41	15.52	-9.2	-26.32	-10	-4.92	24.31	13.53	-6.83	-17.92	2.54	-8.05	7.48	-7.75	-7.49	-7.34	-6.18	-14.17	24.29	6.15	-24.08	18	-1.9	-16.83	-26.39	-2.41	-18.76	5.33	5.24	-1.71	-11.57	14.32	11.09	-7.09	-20.76	57.86	20.11	-6.36	-20.98	-30.53	-25.69	-19.36	-49.57	-7.96	-2.7	47.65	-2.13	9.65	-51.68	-7.98	-2.69	-56	-1.1	-27.55	37.07	-14.08	-11.67	-28.47	-8.59	-16.1				//11870922-1			// Subjects=20			-1.17	59.85	12.35	3.03	65.98	8.57	-49.71	21.97	-13.63	47.47	20.92	-27.45	-0.99	18.17	20.75	3.21	24.5	20.29	-0.92	-12.13	8.4	5.42	-12.08	8.36	-3.13	-5.43	-19.8	5.32	-5.36	-19.85	-41.21	9.23	-16.14	43.3	9.73	-20	-24.24	-3.82	-7.57	22.25	-3.56	-10.08	-17.92	-8.78	-20.59	15.89	-9.68	-22.95	-52.51	-55.23	18.31	54.17	-55.21	3.25				//11870922-2			// Subjects=20			-3.31	56.72	-4.07	3	61.75	-8.89	-37.05	18.18	-25.65	54.89	20.47	-18.58	-1	18.03	18.54	5.32	22.29	18.21	-32.78	8.96	-21.72	32.73	9.37	-24.35	-17.9	-4.95	-9.75	18.03	-4.51	-7.78	-17.96	-1.83	-27.73	20.08	-1.38	-25.76	-60.94	-55.87	26.17	65.82	-55.56	13.2				//12419129-1			// Subjects=17			49.94	-57.49	1.21	-50.44	-50.57	7.99	42.12	50.18	-13.88	25.22	46.69	-16.87	-36.82	6.41	40.63	-23.86	-80.78	27.66	19.17	-24.33	-4.21	-32.92	46.64	-26.52	-34.49	-50.17	46.71	-51.67	-13.5	-6.75	32.58	59.69	-12.26	5.54	-48.2	4.17	53.09	-58	-7.65	61.38	-5.71	0.93				//12419129-2			// Subjects=17			-14.41	-87.78	-1.88	-49.6	11.97	12.58	55.07	-21.21	-10.18	-26.14	-25.02	42.72	-41.95	-68.96	-0.79	28.89	-87.82	-8.79	30.86	-61.44	-26.15	-44.17	-48.71	-14.37	-45.11	-52.79	22.54	10.61	8.57	0.25	30.93	-80.35	-24.86	-32.37	-68.45	23.54	60.33	-18.09	-11.53	-52.54	-48.99	16.77	46.68	-20.85	14.26	-53.64	-32.9	21.23	-12.69	36.98	19.53	14.81	45.85	39.85				//12814585-1			// Subjects=10			-51.81	7.28	-29.26	63.43	-7.32	-25.61	45.42	8.56	-22.15	51.8	7.39	-7.68				//12814585-2			// Subjects=10			-43.39	21.54	-21.41	-5.45	63	-4.49	57.03	24.45	-5.55				//23978654-1			// Subjects=9			-38.02	21.31	8.54	-21.83	-89.43	-10.6	-28.4	-25.33	-13.85	26.51	-16.4	-13.67	24.76	-78.65	38.33	-13.36	-94.82	-13.62	43.4	-4.1	-4.62	20.07	10.86	-15.5	-11.62	33.77	18.63	0.28	-43.16	18.28	34.26	-67.38	48.6	52.18	-58.96	45.7	32.58	52.71	-22.88	-31.82	37.47	-21.46	-43.28	-6.95	-21.68	49.81	-19.46	1.94	-58.83	-69.61	8.23	61.44	-28.38	-7.51				//23978654-2			// Subjects=9			14.17	-87.37	17.9	7.85	-53.71	68.91	-2.88	-24.62	45.89	3.01	69.07	7.25	64.57	-21.34	-13.56	-36.99	2.35	-25.68	41.2	5.24	-24.12	30.8	-38.9	-19.92	-20.04	-2.15	-15.48	18.11	-31.25	-13.71	-26.34	-10.34	-10.44	29.58	1.92	-24.93	-28.43	-13.37	-8	43.45	-13.01	4.87	-25.28	-10.33	-10.45	-5.36	45.75	6.68	40.53	-42.69	54.64	-9.04	-56.87	71.44				//25716010-1			// Subjects=16			-47.39	-37.32	-17.35	-28.54	20.79	-1.46	-44.54	54.71	-13.68				//25716010-2			// Subjects=16			-53.52	-73.57	11.8	47.48	6.18	-44.2				//25716010-3			// Subjects=16			38.32	-23.29	44.45	41.63	-68	37.5	19.45	-57.51	56.89	-6.25	12.94	22.25	28.85	-60.27	10.41	-9.19	-63.95	7.55	31.59	46.5	-3.58				//25716010-4			// Subjects=16			51.03	-67	0.75	19.46	-91.87	12.63	-9.05	-98.41	13.24				//25716010-5			// Subjects=16			31.96	-9.93	56.89	12.89	-45.87	-10.46	-25.46	42.67	-6.31				//25716010-6			// Subjects=16			9.73	-7.77	43.55	41.41	-49.18	-17.06	-47.37	-43.62	-16.92	-44.02	-77.05	5.33	28.92	-92.8	-4.01	-34.52	-84.29	-10.88	44.71	-63.29	10.52	-31.44	-31.4	25.43	-50.31	-62.26	40.98	-50.39	-33.29	48.98	-25.08	-10	63.89	-50.44	-41.42	19.57	-9.34	-53.77	-33.1	-15.73	-37.87	-30.82	-40.97	-69.59	-28.5				//22432905-1			// Subjects=15			-21.07	-9.58	-16.08	22.23	-3.97	-16.72	-32.69	-14.08	-19.03	-31.57	-17.26	-2.17	-12.52	-23.14	2.56	10.68	-12.57	-0.52	-48.42	-45.8	-17.88				//22432905-2			// Subjects=15			21.17	-3.98	-16.71	-21.09	-5.38	-16.36	-48.48	8.92	31.65	-8.11	-50.76	33.28	-2	-28.87	-23.75	-33.72	-18.03	-14.31	29.65	-11.46	-19.58	-0.05	56.6	28.1	27.76	-77.09	-22.84	-22.99	-64.5	-16.74	-29.45	-14.87	2.09	32.89	-31.4	-18.23	-10.32	-14.25	44.11	-38.84	-63.45	-14.5	40.42	-62.58	-11.7	-10.43	-16.82	2.11	14.98	-29.21	2.81				//21861684-1			// Subjects=14			60.47	-39.98	9.94	54.09	-36.37	0.85	52.09	-63.57	4.95	-42.95	-79.07	6.57	54.22	-58.54	17.91	-43.01	-59.89	9.69	-49.45	6.33	58.47	51.94	6.24	42.34	47.75	2.4	49.29	55.95	26.14	-12.32	60.24	25.42	9.9	-39.12	25.88	-2.86	22.23	-8.44	-20.85				//21861684-2			// Subjects=14			58.43	-72.6	-5.57	62.64	-63.75	0.46	54.22	-58.54	17.91	58.35	-40.13	7.75	-47.29	-48.64	4.51	-45.08	-63.57	18.84	-60	-41.53	1.88	-59.96	-45.05	13.22	52.05	-39.24	23.26	22.23	-8.44	-20.85				//21861684-3			// Subjects=14			-47.2	-63.72	16.64	-62.19	-25.01	-3.68	-62.08	-45.21	11.02	68.89	-38.49	-1.31	73.13	-35.81	7.36	-53.81	21.35	28.61	-49.52	13.79	42.42	49.48	70.1	0.25	-49.69	18.95	-11.2	-42.95	-79.07	6.57	58.43	-72.73	-7.78	56.08	20.17	28.05	47.6	28.77	31.95				//21861684-4			// Subjects=14			49.89	-40.34	5.59	62.58	-44.57	3.58	66.77	-31.66	7.12	-51.49	-49.19	13.45	-45.06	-79.09	6.58	56.34	-74.31	1.22				//22116038-1			// Subjects=11			55.06	-13.32	-1.84	54.02	-14.18	1.55	53.96	-2.89	-3.66	67.78	-13.38	12.52	43.53	-27.11	15.82	54.15	-32.78	25.02	57.09	3.1	-9.64	33.03	-83.17	-36.88	28.8	-83.28	-37.96	33.03	-83.17	-36.88	35.13	-66.18	-18.08	35.13	-66.18	-18.08	7.53	-48.92	-42.41	18.1	-51.07	-44.54	-51.62	-21.43	1.56	-54.8	-14.82	6.68	-51.64	-19.46	-0.79	-45.22	-27.99	14.18	-52.63	-24.9	14.01	-13.42	-76.82	-12.63	-28.29	-67.18	-25.41	-28.29	-65.08	-25.55	-7.14	-75.82	-31.6	-7.15	-73.72	-31.74	-28.29	-73.11	-36.1	-26.19	-71	-36.26	-30.4	-75.23	-35.94	-19.77	-88.6	-31.76				//22116038-2			// Subjects=11			54.03	-18.45	0.74	51.9	-14.19	1.57	53.96	-2.89	-3.66	67.78	-13.38	12.52	43.53	-27.11	15.82	52.03	-32.8	25.04	49.86	-33.19	1.77	54.97	2.95	-11.83	59.34	4.13	41.33	55.14	3.65	51.38	26.41	12.23	-11.19	15.87	11.57	-3.31	15.87	7.03	-8.55	24.33	14.01	0.91	-32.51	-67.08	-23.17	-28.3	-62.85	-23.49	-56.93	-15.17	1.16	-54.8	-14.82	6.68	-47.46	-8.01	-3.82	-65.32	-20.67	16.02	-47.34	-28	14.2	-65.32	-22.9	13.95	-61.18	-12.46	-5.66	-59.15	5.01	-13.52	-56.88	3.22	43.19	-56.88	3.16	42.08				//22116038-3			// Subjects=11			57.14	-7.13	-4.5	55.06	-12.07	1.4	69.84	-3.27	5.15	74.12	-24.78	-2.28	53.96	-2.89	-3.66	69.87	-9.23	11.11	57.09	2.97	-11.85	-56.95	-12.29	-3.47	-51.62	-16.89	6.8	-43.11	-27.97	14.17	-59.06	-14.41	-3.31	-26.17	-64.93	-23.36	-30.39	-67.07	-23.18				//22116038-4			// Subjects=11			55.06	-13.32	-1.84	54.02	-14.18	1.55	43.53	-27.11	15.82	54.15	-32.78	25.02	54.98	3.08	-9.62	53.96	-2.89	-3.66	67.78	-13.38	12.52	9.28	64.01	-24.62	33.03	-84.23	-36.81	28.8	-83.28	-37.96	35.13	-66.05	-15.87	-51.62	-21.43	1.56	-54.8	-14.82	6.68	-45.22	-27.99	14.18	-54.75	-24.91	14.03	-59.16	7.11	-13.67	-51.64	-19.46	-0.79	-30.4	-67.2	-25.39	-28.29	-65.08	-25.55	-32.51	-75.12	-33.72	-28.29	-73.11	-36.1	-26.19	-71	-36.26	-15.54	-76.84	-12.61				//22116038-5			// Subjects=11			63.55	-0.92	27.23	67.73	6.07	20.06	65.62	-0.86	10.56	59.35	-9.49	25.62	52.05	-10.54	61.25	54.16	-10.66	59.03	37.15	-15.54	16.17	54.06	-11.98	20.27	16.14	-7.08	71.21	9.83	-13.3	73.9	16.15	-9.18	71.36	14.03	-7.1	71.23	16.05	-2.33	45.36	16.05	-0.23	45.22	-45.14	-14.51	62.09	-43.03	-13.44	62.01	-47.42	-10.42	8.55	-54.77	-11.84	20.9	-47.4	-7.84	16.15	-9.57	57.51	26.99	-7.46	57.52	26.97	-34.75	-10.72	1.84	-36.86	-12.83	2	-32.64	-10.7	1.83				//22116038-6			// Subjects=11			55.03	-7.08	-3.38	57.17	-8.9	1.17	53.96	-2.89	-3.66	41.43	-29.23	15.98	43.55	-29.08	18.17	43.54	-29.21	15.96	-63.26	-17.33	1.35	-56.93	-16.36	-0.97				//12644355-1			// Subjects=20			-56.02	0.87	-29.91	-14.68	-22.14	-15.25	58.11	5.58	-20.91	48.53	27.84	-17.94	-24.27	-4.56	-19.73	4.37	-31.36	-13.63	39.03	13.09	-33.52	-40.15	16.22	-5.52	-55.99	8.46	-9.34				//12644355-2			// Subjects=20			26.24	48.26	-25.87	39.13	29.21	23.09				//20521850-1			// Subjects=28			-19.77	-17.44	62.15	-34.58	-26	45.06	59.21	7.86	-1.1	-12.32	-62.96	24.15	17.25	-57.32	25.81	-15.58	-49.29	6.59	41.64	-72.27	36.68	-24.12	-41.06	-12.79	28.71	-39.5	-12.1	-60.05	-30.04	-0.02	-56.81	-44.52	4.28	61.44	-24.82	-1.09	1.48	-96.83	3.08	-13.62	-44.96	-43.66	14	-49.04	6.4				//20521850-2			// Subjects=28			-16.58	-27.35	55.04	44.79	-62.31	43.75	-41.83	-68.49	41.35	2.52	-67.41	35.47	6.65	-44.6	28.33	60.51	-42.59	19	-42.97	-70.53	8.2	-28.09	-92.33	11.83	34.24	-87.27	16.66	10	-95.2	28.45	6.66	-36.44	41.09	-38.7	-55.45	47.1	39.53	-64.32	46.14	-41.91	-72.69	7.24	50.02	-70.53	12.1	-2.81	-85.99	-8.73	8.64	-62.43	-39.27				//21484518			// Subjects=14			39.07	28.97	2.02	13.83	0.6	7.44	-11.55	3.34	4.07	-39.95	-59.22	-31.43	-56.12	29.3	-30.74	-11.51	-16.38	-7.9				//20378581			// Subjects=20			60.52	-50.35	12.87	56.29	-45.78	19.24	22.37	13.24	57.58	66.84	-50.7	6.2	24.5	13.66	64.19	43.6	-46.15	14.9	62.7	-50.81	39.53	-51.38	-51.22	49.11	-38.92	-61	-43.53	35.07	6.91	55.72	-32.77	21.73	-2.61	9.91	-55.05	46.79	-39.15	50.48	19.87	37.37	-57.33	40.12	-34.84	18.19	8.74	13.73	22.32	0.4	54.23	-55.89	26.61	43.39	31.38	40.67	41.32	13.88	30.78	56.21	-40.96	-5.5	9.69	13	55.45				//21972849-1			// Subjects=24			5.67	-87.54	-0.91	3.59	-52.39	56.63	-40.84	-71.16	14.89	16.21	-77.59	5.01	24.47	-30.66	-4.91	-19.91	-31.23	-7.94	41.4	-19.64	17.54	-34.69	-20.68	11.4	43.64	-23.49	57.75	-40.92	-21.45	51.45	-39	1.35	9.92	11.85	-8.81	43.61	37.06	8.49	12.31	11.85	-56.99	-19.68	-51.35	-56.21	53.89	-28.31	-23.17	21.52				//21972849-2			// Subjects=24			-34.39	-71.82	54.86	43.75	-61.92	50.39	-19.92	-38.14	-17.46	22.36	-40.94	-17.51	41.4	-16.28	20.64	-59.98	-56.98	-9.27	-2.87	-34.55	38.8	9.89	-80.8	5.27	5.7	-49.02	59.72	41.46	-4.39	59.78	47.91	-70.42	14.32	-45.08	-74.95	5.19	22.67	-88.52	32.36	5.28	47.67	36.45	-13.34	-49.58	53.21				//21972849-3			// Subjects=24			31.05	-90.08	5.78	16.21	-60.42	27.14	-15.38	-64.95	60.93	-53.54	-75.23	1.93	60.55	-40.32	38.82	12.07	-55.07	63.42	-26.16	-8.31	57.12	-47.15	-39.6	66.04				//21305666			// Subjects=14			65.8	-57.08	5.53	-48.6	25.36	7.22	-46.39	14.12	30.17	-50.38	-55.99	22.79				//21111828-1			// Subjects=14			-11.25	-63.8	27.53				//21111828-2			// Subjects=14			11.5	35.66	-22.7	-6.33	18.02	1.92	-7.54	48.58	-15.7	-7.44	25.74	-9.7	4.16	36.82	-2.75	64.69	-42.32	5.64	4.32	17.7	29.63	26.43	-2.17	-22.41				//21111828-3			// Subjects=14			16.01	-11.51	16.02	4.43	-10.46	34.89	4.16	36.82	-2.75				//21111828-4			// Subjects=14			15.74	35.97	-18.3	4.3	17.23	21.89				//21111828-5			// Subjects=14			24.12	61.72	-12.35	36.97	27.06	5.49	55.92	36.98	-7.51	51.78	16.2	-1.62	-32.76	23.12	2.84	-26.6	63.6	-8.85	-26.51	57.74	15.97	-35.89	38.85	36.19	33.69	60.92	7.63	-29.73	56.49	-3.9	-0.91	11.05	42.33	55.33	-50.47	46.21	40.02	49.45	-8.27	-54.87	5.28	7.52	18.81	69.03	-12.82	33.65	58.85	-8.88	40.15	19.26	-1.76	51.69	44.84	0.86	-1	24.81	25.85	60.57	-44.39	41.32				//21111828-6			// Subjects=14			28.36	62.23	-4.64	33.77	45.84	19.76	-26.5	55.64	16.11				//15291723-1			// Subjects=11			41.19	29.13	4.21	45.47	27.16	23.19	-31.34	-31.13	64.26	49.79	-1.57	18.47	49.85	-3.57	37.48	6.54	-3.6	43.28	-22.02	-30.98	-3.51	20.25	-30.62	-3.78	24.46	-30.93	-9.33	-10.42	-27.02	-9.4	20.22	-31.37	-15.94	56.25	-33.04	20.59	13.16	-77.08	48.28	-10.09	-69.52	54.56	31.06	-54.47	53.28	56.28	-32.29	32.75	-47.23	-42.61	34.06	-5.96	-94.62	-11.45	-5.91	-88.93	12.57	16.31	-80.95	36.32	-16.46	-85.12	24.58	19.36	-87.39	-17.65	-35.61	-85.11	-24.14	-19.87	-34.75	3.4	22.38	-30.2	2.84				//15291723-2			// Subjects=11			8.7	-9.48	50.33	18.87	41.82	-26.49	49.81	-1.17	25.11	15.8	9.87	-30.94	41.45	-9.2	50.12	38.02	29.1	4.23	56.26	-36.19	20.81	-2.69	-77.22	48.38	-31.27	-59.19	53.97	5.62	-31.23	57.39	59.46	-38.91	27.63	-5.96	-94.62	-11.45	5.57	-62.26	-1.53	16.32	-77.39	42.73	-2.69	-84.26	36.65	-24.02	-62.85	-6.86	16.29	-84.85	24.37	-13.29	-85.1	24.56	13.03	-90.6	-17.39	-6.09	-82.79	-42.23	16	-16.26	7.47				//15291723-3			// Subjects=11			49.72	20.89	23.59	41.27	24.31	28.96	-38.92	-4.72	31.42	49.76	2.29	12.66	33.83	26.66	16.63	-36.01	36.14	-8.02	12.87	-3.88	37.72	49.67	8.16	-12.16	56.05	5.8	0.17	59.43	-36.16	20.79	13.16	-77.08	48.28	-13.28	-66.39	54.36	38.44	-51.25	53.02	59.46	-38.91	27.63	-43.02	-42.92	28.51	5.6	-27.36	51.58	-5.96	-94.62	-11.45	22.6	-89.03	6.86	16.32	-77.39	42.73	-2.76	-93.85	0.68	22.62	-85.13	18.81	-16.46	-85.12	24.58	13.03	-90.6	-17.39	-2.83	-87.58	-17.5	19.21	-25.69	8.1	-16.69	-34.39	8.9	38.05	11.55	-6.77				//15291723-4			// Subjects=11			45.47	23.6	16.78	49.63	28.86	-1.37	41.1	39.6	-14.26	45.49	24.01	23.41	49.74	1.88	6.03	30.9	-13.49	50.48	8.67	-6.73	43.49	45.5	-6.59	-11.12	-35.92	10.59	-11.82	-19.63	-63.29	54.19	19.48	-72.83	47.95	-23.87	-54.59	59.16	38.44	-51.25	53.02	5.59	-22.82	56.81	56.3	-42.09	27.87	-35.63	-39.7	28.25	-5.96	-94.62	-11.45	-13.31	-93.53	7.38	16.32	-77.39	42.73	31.08	-78.02	30.48	34.23	-78.39	23.83	-42.98	-69.62	5.92	13.03	-90.6	-17.39	-5.99	-90.76	-17.27	15.96	-5.75	6.75	-28.51	10.99	-6.34	15.92	-3.34	-5.62	-39.01	-3.4	1.36				//15038005-1			// Subjects=7			-43.03	-16.72	60.01	63.66	-17.63	47.24	-57.99	9.96	32.75	42.5	1.99	60.45	66.65	16.9	24.88	61.54	-57.93	-7.7	-51.49	-61.89	-4.55	-20.92	-52.86	-16.44	20.29	-55.87	-19.81	-5.14	-20.13	-1.02				//15038005-2			// Subjects=7			-64.27	-14.93	23.39	-67.38	-24.01	30.69	66.83	-17.73	45.01	-37.09	35.46	-19.07	-49.69	39.62	16.24	-40.04	9.71	26	-51.5	-62.03	-6.76	-36.92	0.55	-3.36	26.45	0.54	-12.61	-1.97	-23.39	-3.04				//15038005-3			// Subjects=7			38.89	64.86	-14.87	29.62	43.02	43.29	57.43	-59.8	31.3	-1.72	-59.96	37.2				//16167193			// Subjects=13			-24.15	21.25	57.3	26.55	16.66	44	35.06	-46.15	-18.34	-32.52	-54.85	-12.91	-53.93	39.31	11.84	39.02	48.49	10.67	47.61	15.22	17.34				//15893474-1			// Subjects=8			-49.51	-15.82	6.72	-45.2	-36.53	12.55	-66.33	-36.7	12.68	64.76	-56.89	8.86	60.39	-23.58	2.16	-53.57	-66.82	1.35	-45.15	-67.56	-11.96	-11.46	-28.92	-5.93				//15893474-2			// Subjects=8 			64.76	-56.89	8.86	56.34	-74.31	1.22	73.15	-35.27	16.2	-53.57	-66.82	1.35	-15.76	-3.2	1.21	-28.46	5.37	5.14	-62.1	-36.67	12.66	-53.63	-36.06	21.44	-45.2	-36.53	12.55	30.71	1.39	0.63				//15893474-1			// Subjects=8 			64.76	-56.89	8.86	56.34	-74.31	1.22	73.15	-35.27	16.2	-53.57	-66.82	1.35	-62.1	-36.67	12.66	-53.63	-36.06	21.44	-45.2	-36.53	12.55				//15890534-1			// Subjects=13			0.96	61.25	17.79	1.26	13.6	66.55	44.32	24.92	-13.28	-50.76	27.82	-4.04	48.66	-6.83	-15.57	57.28	-36.99	7.54	68.94	-49.77	3.9	-46.4	-11.35	-6.93	-5.95	-64.6	30.89	-2.8	-77.68	6.24	-10.25	-69.82	-2.03	-14.53	-58.5	-6.11	16.95	-3.94	-15.58	-15.8	-6.32	-15.22	-2.97	-25.67	11.56	-3.06	-5.98	5.77	-6.06	-62.7	-6.98				//15890534-2			// Subjects=13			-3.11	39.87	48.13	-6.18	20.42	58.36	64.72	-40.59	16.62	68.93	-36.35	16.3	37.1	-19.26	-10.21	-14.69	-6.35	1.42				//15890534-3			// Subjects=13			-6.44	57.77	13.63	57.07	26.58	12.06	-57.75	-69.2	14.86	64.76	-52.15	17.41	60.52	-44.62	20.25	-2.8	-60.37	30.58	28.88	-85.79	-10.04	-18.76	-58.6	-7.18	44.71	-82.71	-13.68	41.52	-69.38	-2.36	53.19	-81.89	-1.57	-22.13	-7.36	-14	-3.06	-7.03	5.84				//15890534-4			// Subjects=13			-58.06	9.32	5.04	-46.4	13.85	25.75	-6.18	20.42	58.36	1.13	40.17	52.53	1.25	16.75	66.34	5.23	49.73	18.55	52.87	13.4	4.11	-18.68	-52.1	30.11	-57.71	-68.18	31.44	-58.03	-7.18	-6.04	53.11	-53.05	4.22	60.39	-25.88	-1.01	32.92	-30.58	-4.97	-6.22	-2.31	14.41	-2.99	-25.94	7.13	5.39	2.19	17.37				//20804287-1			// Subjects=16			-2.79	-75.04	14.94				//20804287-2			// Subjects=16			-9.11	-78.04	18.51	14.21	-89.85	29.17	31.79	6.41	13.59	-22.83	-42.35	69.42	25.76	-43.33	63.65	40.38	-22.19	27.71	-36.94	8.11	-0.55				//20804287-3			// Subjects=16			-19.76	-18.29	65.53	55.1	2.5	32.59	-24.9	-61.81	61.88	16.37	-70.45	70	20.23	11.29	43.29	-44.2	-34.38	-4.25	20.96	49.4	-23.69	-12.25	-91.29	9.44				//20804287-4			// Subjects=16			-51.85	40.82	1.74	-42.11	1.76	34.32	67.77	-31.88	-13.96	8.62	18.38	57.31				//20804287-5			// Subjects=16			-47.66	50.24	-0.04	43.2	58.7	4.4	8.62	19.49	58.34				//20804287-6			// Subjects=16			7.69	-25.38	49.21	-6.2	9.75	39.12	36.02	3.16	11.57	7.7	-56.18	11.36				//20804287-7			// Subjects=16			-21.86	-20.41	65.69	28.76	-4.91	53.23				//19585588			// Subjects=40			29.97	-50.61	47.48	-20.74	-50.83	51.12	52.06	-35.68	29.68	-65.26	-30.77	23.37	48.74	5.47	30.21	-30.38	-9.33	58.32				//19780040-1			// Subjects=16			-65.37	-21.75	-1.66	-28.31	-3.62	47.93	-28.58	19.84	-16.94	-50.37	-39.73	47.2	-3.07	21.4	39.41	-8.1	-81.49	-3.46	-13.32	-100.65	-5.45	54.08	-33.36	-1.57	27.44	25.39	-3.22	10.65	19.99	31.66	43.45	8.57	30.02	46.84	-44.37	43.62	13.07	-91.82	-2.88	16.28	-95.38	7.34				//19780040-2			// Subjects=16			29.8	-3.2	46.45	-40.87	-77.7	-5.75	-61.09	-36.56	-2.9	-28.58	25.56	-9.56	-67.49	-17.5	-0.83	-44.03	-42.96	45.17	-41.06	8.27	37.2	39.09	21.35	-1.9	58.36	-42.23	7.89	9.66	14.62	47.57	43.32	20.34	-1.86	71.08	-40.06	24.31	26.81	-91.7	-2.97	34.21	-63.99	35.05				//19780040-3			// Subjects=16			-31.84	55.36	-4.92	-32.76	4.76	-21.43	-65.23	-31.14	34.49	-18.75	-52.74	2.4	52.02	-54.93	-8.96	23.72	-70.29	54.41	4.57	-70.07	9	26.72	-57.14	10.21	37.16	6.45	47.97	9.92	-89.07	8.05	35.93	22.78	4.68	14.23	-105.43	15.81				//20121935-1			// Subjects=20			-61.26	4.08	-11.23	-49.63	8.85	-3.85	-44.34	4.42	-8.02	47.55	-1.15	-25.94	39.12	-5.22	-22.28	67.89	-27.99	32.39	67.87	-22.54	35.34	35.22	-81.2	-4.84	72.01	-22.36	3.12	1.16	22.69	42.63	-0.95	22.6	41.53	4.33	22.65	41.5	4.34	21.66	42.68	-65.33	-12.84	23.25	43.38	5.9	3.57	30.7	5.79	3.65				//20121935-2			// Subjects=20			-15.52	-24.76	62.62	-17.63	-24.78	62.63	-11.31	-21.64	61.27	31.09	-61.62	57.1	-45.1	-39.95	42.75				//20121935-3			// Subjects=20			34.76	51.14	2.74	22.05	54.69	-6.3	1.19	-0.79	20.93	5.43	-0.49	25.32				//19279244-1			// Subjects=11			-16.99	60.26	21.29	9.49	46.11	27.65	-7.41	50.58	34.11	-44.33	18.65	17.64	-42.09	6.7	46.19	21.22	21.13	31.52	-12.37	-56.21	13.7	9.82	-50.23	22.04	-35.73	-35.23	-2.03	-56.02	5.41	-24.67	-42.05	-33.62	7.89	39.29	-27.62	8.11	32.96	-27.47	11.47	-29.45	-30.73	-15.69	19.19	-36.43	-12.26	59.24	-3.05	-7.01	-34.52	-63.48	18.77	-4.95	-73.97	-1.77	-0.96	-7.48	-1.91	13.82	0.4	4.12	-9.44	12.44	14.53	11.68	16.95	16.32	-7.26	-47.86	-40.17	-30.52	-33.52	-26.59	-10.36	-69.17	-43.14	27.58	-28.76	-26.15				//19279244-2			// Subjects=11			-16.94	42.06	16.99	7.38	49.45	30.77	-49.59	18.95	23.2	-6.18	19.3	57.33	13.91	11.91	54.39	-15.86	38.07	20.58	-5.99	-53.04	30.1	-29.47	-17.65	-8.82	-56.92	-26.49	-11.38	-34.52	-63.48	18.77	-60.23	4.66	-19.04	-4.08	-12.02	10.63	-11.54	-11.33	-11.57	6.39	15.65	13.11	39.33	-41.48	5.73	-30.52	-55.24	-53.96	-37.76	-76.72	-24.7	12.75	-35.49	-47.8	20.25	-67.15	-49				//19279244-3			// Subjects=11			14.03	-52.98	11.11	-28.4	-26.32	-12.67	-29.46	-27.58	-15.91	19.18	-35.37	-12.33	43.47	-17.15	6.26	-43.12	-28.17	10.85	-56.92	-17.34	0.2	-31.33	-26.39	72.81	65.65	-5.71	17.55	25.47	-28.64	-23.92				//18809234-1			// Subjects=10			-65.41	-10.12	-1.35	67.74	-11.96	1.32	39.26	-38.63	-16.66	58.15	3.11	-9.64	-43.13	-48.98	-18.8				//18809234-2			// Subjects=10			-39.96	-48.95	-18.82	62.38	3.35	-6.35				//18809234-3			// Subjects=10			-59.03	-12.61	8.77	61.34	3.54	-3.03	71.02	-33.39	12.76	51.72	18.21	-20.63	58.11	12.56	-10.29				//18809234-4			// Subjects=10			-11.54	31.19	45.45				//18809234-5			// Subjects=10			-68.48	-32.01	3.5	45.66	-33.8	9.61	-46.26	-37.72	10.42				//18809234-6			// Subjects=5			63.65	-43.11	10.14	48.87	-43.03	13.55	54.91	18.57	-15.12	-65.41	-13.68	-7.77	48.82	-33.77	9.59				//18809234-7			// Subjects=5			-59.06	-13.22	-1.18	-59.1	-3.97	-5.14				//18809234-8			// Subjects=5			45.7	-46.41	10.47	-65.36	-26.29	-6.9	13.73	49.9	37.36	13.89	-25.42	-4.1	45.63	-30.85	6.07	54.91	18.64	-14.02				//18809234-9			// Subjects=5			64.55	-5.68	0.91	-65.39	-13.07	2.18	45.61	-38.37	-13.39	64.71	-36.18	19.65				//19244522-1			// Subjects=20			57.2	-13.81	7.06	-51.61	-21.02	8.19	27.54	-12.4	-17.28				//19244522-2			// Subjects=20			-0.72	-56.56	23.65	-34.73	-30.71	-14.55				//19244522-3			// Subjects=20			55.14	3.45	48.07	6.56	8.19	63.56	52.87	21.5	15.77	36.83	51.26	-12.81				//19244522-4			// Subjects=20			59.3	-11.83	4.69	-51.62	-19.06	5.84	4.41	9.67	53.49	33.99	-54.33	-31.09	-33.62	-54.83	-29.55	1.32	-72.19	-25.24	-4.92	-77.84	4.04	-14.38	-97.23	-1.24	-1.98	-24.91	-10.7				//19244522-5			// Subjects=20			-8.29	11.32	47.9	-39.8	-44.04	44.11	-55.92	6.59	11.88				//19244522-6			// Subjects=20			-1.85	-2.32	65.44	1.25	7.67	55.86	0.26	-31.07	26.33	-18.92	-4.08	4.62	-14.66	-13.5	5.24	-1.93	-19.09	15.54	-35.56	-51.63	40.16	30.83	-56.59	-33.14				//19244522-7			// Subjects=20			25.41	6.53	-0.81				//18952070-1			// Subjects=10			-21.8	-75.13	16.16	26.79	-73.74	14.67	28.96	-70.07	39.94	-18.7	-71.07	-4.11	-23.87	-68.34	41.24	3.45	-61.5	-6.01	35.13	-57.03	-6.5	40.39	-39.1	10	-37.79	-39.62	12.72	49.85	-26.41	9.08	24.48	-26.89	4.82	-22.02	-24.2	3.8	-47.38	-21.06	7.06	20.29	-6.77	41.2	25.48	-7.84	5.73	-26.31	-4	6.88	-12.51	3.46	40.69	-6.14	6.49	54.88	-33.66	7.35	38.33	42.38	8.43	27.82	28.56	16.55	7.37	-24.27	18.28	8.67	-31.76	32.04	-6.66				//18952070-2			// Subjects=10			10.96	-73.47	21.41	21.46	-57.76	18.05	15.19	-53.95	46.68	-27.09	-45.5	53.01	37.33	-41.09	46.78	7.74	-39.31	45.72	-38.76	-36.34	49.12	4.48	-27.54	31.62	54.07	-23.16	9.94	-49.48	-21.79	12.67	1.27	-18.25	28.78	-45.28	7.25	38.41	-44.34	9.03	-1.68	-32.67	12.72	22.42	49.74	18.93	25.95	-2	20.56	42.79	-28.54	21.77	-2.64	41.23	24.35	12.31	43.28	26.37	-6.71				//19015097-1			// Subjects=28			20.97	69.08	4.93	41.16	42.21	11.09	17.32	-37.47	74.4	12.67	20.99	-3.94	-19.01	12.05	-7.58				//19015097-2			// Subjects=14			-19.02	8.36	-16.21				//17631871-1			// Subjects=10			49.97	-72.8	-7.73	28.99	-73.93	45.75	26.72	-84.58	-24.54	37.28	-29.74	42.67	30.81	17.51	57.23				//17631871-2			// Subjects=10			-42.95	-85.92	-1.84	-40.82	-83.26	6.84	60.46	-60.92	-21.92	24.74	-58.45	58.03				//17631871-3			// Subjects=10			-30.22	-98.42	-1.06	50.04	-82.77	1.83	33.23	-103.38	12.22	-47.23	-73.62	-7.1				//17395609-1			// Subjects=12			28.55	-2.15	-22.43	25.41	-11.7	-22.86	50.81	20.39	32.5	34.75	40.46	-16.5	-50.71	8.23	-13.79	-37.74	-59.13	4.06	55.18	-58.52	-16.5	-47.37	-47.11	-22.23	0.27	-70.74	-18.67	28.77	-64.4	-22.6				//17395609-2			// Subjects=12			44.33	23.8	-14.31	31.6	36.44	-12.88	-9.3	-10.44	37.19	50.65	21.28	-21.94	53.88	15.82	-8.27	66.7	-19.59	-2.59	66.76	-38.91	-7.93	63.54	-29.68	-11.87	-50.46	-65.91	-18.71	-6.16	-33.08	-5.68	-1.96	-26.67	-5.03				//17395609-3			// Subjects=12			48.61	28.75	14.18	-12.39	-61.23	0.73	-6.05	-71.64	-15.25				//16338048-1			// Subjects=12			44.7	-67.97	3.07	64.76	-55.57	13.2	38.37	-38.07	44.35	36.9	52.95	14.82	46.74	-7.97	52.23	3.46	-84	-28.88	14.83	25.65	20.14	-2.96	13.57	66.58	-61.02	-49.74	5.78	-45.08	-78.44	-0.12	-28.13	-94.26	-2.47	-61.02	-22.36	39.42	-15.81	25.46	21.45	-34.65	-67.85	-35.31	-37.09	60.8	15.82				//16338048-2			// Subjects=12			4.52	-81.82	-27.93	48.82	-58	-24.27	21.3	-49.05	-29.16	43.63	-62.59	4.93	65.82	-54.37	15.34	46.74	-7.97	52.23	38.39	-39.97	47.81	14.83	25.65	20.14	-2.96	13.57	66.58	-34.65	-67.85	-35.31	-54.69	-46.4	7.73	-55.73	-26.65	37.46	-28.13	-94.26	-2.47	-37.09	60.8	15.82	-3.26	66.03	27.47	-15.81	25.46	21.45				//16338048-3			// Subjects=12			35.84	56.16	15.71	44.69	-61.46	5.96	68.99	-58.89	10.08	3.47	-82.75	-25.64	40.5	-42.19	45.73	-38.14	63.03	17.9	-54.69	-46.4	7.73	-55.73	-26.65	37.46	-33.6	-71.33	-40.63				//16604320-1			// Subjects=47			-5.41	39.92	-19.56	32.65	33.94	-19.37	-30.6	-10.2	-24.86	29.68	-22.17	-22.17	-1.96	-16.41	7.59	4.44	-9.07	40.34	-43.22	-5.4	3.74	48.69	-6.15	-4.51				//16604320-2			// Subjects=47			-8.58	37.59	-22.71	11.5	34.48	-24.84	-30.61	-10.27	-25.96	33.87	-17.09	-25.88	-5.13	-17.48	7.68	7.58	-2.95	36.57	-43.24	-2.45	0.21	46.57	-2.75	-0.29				//16604320-3			// Subjects=25			3.31	4.03	30.57	-8.6	37.19	-29.34	-43.26	-2.86	-6.42	45.49	1.17	-5				//15006683			// Subjects=13			-1.13	57.24	21.41	-64.33	-16.62	-4.24	-49.3	-70.18	14.88	-2.65	-91.14	44.89	-19.76	-75.76	-11.55	9.72	11.57	66.64	51.92	10.3	39.85	60.2	24.48	-5.57	66.63	-9.9	-16.57	56.18	-34.66	-5.94	71.08	-54.87	6.46	5.71	-52.04	62.14	5.7	-59.15	49.31	58.46	-69.55	9.76	39.42	-86.44	-22.27	7.89	-89.36	38.05				//25662868			// Subjects=12			-24	-92	6	-6	-52	4	-36	-62	-14	40	-70	-14	48	-76	-4	-46	-64	4	-22	-82	26	2	-86	6	2	-64	16	-38	-72	38	38	-76	30	18	-72	50	-22	-54	62	30	-8	58	28	-82	20	22	-52	-16	-34	-78	16	6	-72	4	8	-50	0	-6	-78	-2	-10	-68	4	22	-64	2	-28	-72	46	22	-66	50	-40	14	54				//25460498-1			// Subjects=24			-56	-44	-4	-42	-4	24	-14	44	36	-46	34	-8				//25460498-2			// Subjects=24			46	-22	60	18	-4	-16	18	-2	-16				//25460498-3			// Subjects=24			0	24	54				//24972303			// Subjects=19			6	-70	-24	-48	-36	12	62	-36	6	46	8	24				//24949579			// Subjects=26			-22	-84	-26	-20	18	6	-2	-62	-34	-26	44	18	-32	-34	-2	-40	10	-30	32	50	20	56	18	8	2	8	54	12	10	18	2	-44	-16	26	-44	-48	48	34	-2	14	-6	-20	4	-60	-26	16	22	8	24	20	-6	16	-38	-26				//24845161-1			// Subjects=18			-54	20	15	-48	26	-3	-51	-1	-21	-60	-49	0	-9	14	63	-39	5	51	-45	-64	18	-12	50	33	-3	-52	39	-24	-37	-18	-33	-37	-21	54	2	-21	42	-61	18	9	-17	63	18	-79	-45				//24845161-2			// Subjects=18			-30	29	-3	-12	35	48	-24	47	21	-42	20	33	-6	14	54	-12	29	24	-6	-58	45	-3	-61	6	-15	8	15	-3	-16	12	-36	-61	-30	9	-57	12	12	-55	45	42	-76	30	24	-55	0	39	-58	-33	3	-76	-18				//24845161-3			// Subjects=18			-42	2	-42	-57	-4	-9	-33	-46	18	-21	-4	-21	-27	-16	-15	-21	-76	-39	51	26	-3	57	-10	-9	57	-40	-3	60	-58	21	6	44	36	12	-4	-21				//24333752-1			// Subjects=11			-58	-10	2	-56	-16	0	-54	-16	8	-46	-30	14	-54	-26	14	62	-16	8	56	-16	10	58	-10	6	56	4	-4	50	-4	0	56	-36	24	64	-16	14				//24333752-2			// Subjects=11			-58	-10	2	-56	-16	0	-54	-16	8	-46	-30	14	-64	-24	14	60	-14	6	54	-10	4	56	-16	10	58	2	0	50	-4	0				//24194828-1			// Subjects=16			-51	-60	-7	54	-51	-10	-27	-81	17	27	-78	29	33	-60	62				//24194828-2			// Subjects=16			-57	-30	5	60	-18	-4				//24080372-1			// Subjects=20			40	-6	60	-24	-10	56	-26	-90	10	16	-22	44				//24080372-2			// Subjects=20			-28	-88	4	-18	46	-12	-12	-2	18	58	-22	36	14	-20	48				//24194828-3			// Subjects=16			-30	-96	14	-24	-45	-16	-9	-66	65	30	-93	17	30	-42	-13	9	-60	68				//24194828-4			// Subjects=16			-48	-48	8	-48	24	-4	66	-33	2	6	-66	7				//24194828-5			// Subjects=16			-63	-15	-1	63	-9	-4	0	-93	17				//24194828-6			// Subjects=16			-60	-15	-1	66	-12	-4	-9	-75	-4	-15	-75	47				//24194828-7			// Subjects=16			-36	-87	11	33	-90	11				//24194828-8			// Subjects=16			-69	-36	2	-48	33	-10	63	-57	14	48	-33	-4	51	9	-28	42	3	-49				//24194828-9			// Subjects=16			3	90	17				//24194828-10			// Subjects=16			-60	-12	-4	-45	-75	8	60	-12	-7	51	-63	8	-12	-81	-4				//24015241-1			// Subjects=14			6	-66	32	-56	-30	24	-46	-80	6	42	-74	-2	-14	-24	4	-2	-78	-22	40	-56	-28				//24015241-2			// Subjects=14			-2	-26	66	-6	-12	6	6	4	46	-50	6	2	60	8	2	-8	-60	64	-60	-24	12	58	-32	30	-54	-72	0	46	-76	2	40	-12	-6	-20	-24	10	-18	-74	-22	-38	-54	-34	40	-58	-30				//24015241-3			// Subjects=14			-4	-38	72	2	-4	50	6	2	46	-56	2	2	56	6	2	-8	-52	72	-62	-22	14	62	-22	36	-24	8	6	-22	-72	-24	32	-56	-30				//24015241-4			// Subjects=14			4	-6	46	52	-32	30	-24	8	2	34	0	4	-22	-74	-24				//24015241-5			// Subjects=14			-52	6	2	58	8	4	12	-62	56	-48	-36	34	62	-32	22	-54	-68	2	44	-76	0	-22	0	12	-8	-70	-10	38	-60	-28				//24015241-6			// Subjects=14			-54	2	2	54	4	0	-42	-56	50	-32	12	6				//24015241-7			// Subjects=14			-52	6	4	-6	-58	52	-24	-56	66	-56	-42	32	66	-24	20	-54	-72	0	46	-74	0	40	-60	-30				//23616340-1			// Subjects=26			-48	-26	6	56	-18	2	16	-82	-12	24	-92	26	46	-76	4	20	-60	70	-16	82	-14	-20	-94	22	-42	-82	8	-26	-56	60				//23616340-2			// Subjects=26			-52	-24	4	56	-18	2	26	-78	-14	28	-84	34	46	-72	10	-10	88	4	-48	-72	-8	-52	-70	4	-40	-46	66	14	-84	6				//23616340-3			// Subjects=26			-54	-18	2	52	-22	4	-16	70	58				//23616340-4			// Subjects=26			-52	78	6	48	-76	2	60	-50	14	-44	-74	14				//23616340-5			// Subjects=26			-44	-68	0	50	-74	0	16	-80	-10	12	-90	2	46	-70	8	-34	-80	-16	-48	-80	0				//23616340-6			// Subjects=26			-44	-30	8	54	-18	2	-14	-68	52	24	-62	58				//23616340-7			// Subjects=26			-52	-72	8	52	-74	6	64	-48	12	-10	96	-2				//23616340-8			// Subjects=26			-50	-72	0	50	-70	2	-10	-88	6	12	-86	4				//23558102			// Subjects=20			-30	-86	2	-20	-78	46	32	-78	-6	-36	-72	-10	30	-70	46	-30	-56	46	-34	-38	44	14	-32	32	-12	-32	36	-22	-28	52	-16	-26	6	22	-24	56	22	-24	56	14	-20	2	6	-18	50	-20	-16	4	-14	-16	-14	24	-2	2	-50	28	16				//22516367-1			// Subjects=20			-51	-21	3				//22516367-2			// Subjects=20			0	-30	-6	-45	-51	12	60	-45	6	-27	18	-18				//22516367-3			// Subjects=20			-6	51	-15				//22516367-4			// Subjects=20			33	-12	-15				//22609273-1			// Subjects=20			33	-76	35	39	-66	-33	42	-66	3	-39	-63	6	45	-63	-6	-39	-63	6	30	-60	45	-15	-60	57	27	-57	48	21	-51	-15	33	-42	54	42	-33	48	-33	-21	57	63	-18	27	-30	-12	66	24	0	63	27	0	57	57	9	33	-6	12	51	27	15	51	45	39	12				//22609273-2			// Subjects=20			42	-66	3	21	-63	-15	42	-63	3	24	-63	-15	-27	-57	-18	15	-51	-18	36	-39	51	39	-39	42	42	-36	48	60	-15	27	-36	-15	57	60	-15	27	36	-6	54	-24	-3	60	30	0	51	-54	6	27	60	18	6				//22609273-3			// Subjects=20			9	-72	18	6	-72	21	-12	-66	36	-18	-63	12	-18	-63	18	18	-63	27	51	-18	-18	39	-12	-27	18	-3	-21	12	3	54				//22609273-4			// Subjects=20			21	-72	15	-15	-72	21	-18	-69	18	21	-66	24	21	-63	24	30	-51	42	51	-21	-18				//11798274			// Subjects=20			0	-86	-32	22	-4	-12	-52	38	2	-48	-62	-34	-8	-68	-14	8	-6	4	-4	-42	42	-32	48	34	-18	-64	-26	24	0	24	22	12	28	-4	-42	0	-38	-4	-44	22	-2	8	36	1	52	26	-48	6	22	10	14	-40	-64	-14	-54	28	24	-10	32	40	-52	28	14	-20	-70	-14	-50	24	2	-38	-48	-32	-18	14	18	14	2	48	-10	18	44				//11467917-1			// Subjects=13			-15	-60	18	18	-69	24	3	-69	30	30	24	-6	-27	24	-9	-21	-42	-15	24	-33	-18	-27	51	-3	30	57	3	-6	-30	30	54	30	30	-48	27	21	-36	15	57	42	-75	39	39	-57	42	-27	-72	39	-6	21	39	-21	-21	-9	-24	69	-9				//11467917-2			// Subjects=13			15	-63	27	-15	-60	18	0	-66	27	48	36	30	-48	30	33	-45	24	24	30	57	3	-30	57	0	39	-54	45	-36	-66	45	6	-21	24	-3	-42	15	-3	-21	12				//11467917-3			// Subjects=13			9	-66	48	12	-48	6	-9	-45	6	-27	54	-6	-24	51	18	24	60	6	42	-72	42	45	-63	45	-36	-69	24	-51	-72	24	-42	24	-15	33	24	-12	6	39	30	-3	-33	42	-42	21	39	-27	27	54	45	42	30	-24	-42	-15	27	-39	-12				//11467917-4			// Subjects=13			-6	-72	33	-39	12	48	-42	27	36	-33	57	12	-27	51	24	-18	36	39	24	60	0	-48	24	-9	-30	21	-15	-36	-78	42	48	-57	45	-3	39	39	-3	-33	24				//11467917-5			// Subjects=13			15	-54	12	18	-63	24	-15	-66	21	-15	-57	15	30	-45	-21	33	-84	-12	30	-72	-12				//11467917-6			// Subjects=13			33	-81	27	-12	-54	9	32	-54	6	6	-63	54	-12	-72	48	21	-36	-9	30	-45	-12	15	-15	-21	-30	-39	-18	-15	-36	-15	30	45	-3	30	30	15	-9	30	-6	-12	36	18	33	-75	39	18	-33	39	3	-27	36	-9	-33	36				//11923436-1			// Subjects=12			-30	-54	-9	24	-69	0	-6	-81	0	6	-45	54	11	-60	30	-18	-63	60	15	-63	57	33	-75	36	-21	-30	48	33	-75	36	-12	15	54	30	12	51	30	48	12	33	45	36	15	39	24	-42	15	21	-18	-42	-9	21	-42	-6				//11923436-3			// Subjects=12			-30	-66	-15	24	-72	0	-18	-81	-9	-6	-81	0	39	-81	21	33	-78	39	15	-93	24	-18	-66	60	15	-63	57	-15	15	57	-24	0	60	-51	21	33	30	12	51	24	-30	9				//11923436-5			// Subjects=12			-12	-45	60	9	-48	69	-12	-42	-18	21	-39	-12	21	-78	48	24	-60	21	-9	-18	48	18	-84	15	54	-51	15	54	-48	24	-15	-15	48				//11923436-6			// Subjects=12			-33	-57	-15	-45	-60	0	39	-63	-3	-24	-66	51	36	-81	21	-33	-9	27	-6	39	57				//22952277-1			// Subjects=17			-24	8	-4	22	10	-8	-30	-86	24	32	-86	8	-20	-80	48	24	-72	50	-6	54	-4	12	46	6				//22952277-2			// Subjects=17			10	-86	18	10	-68	2	38	-26	62	16	-38	74	-4	-74	-36	-18	-56	-24	//22952277-3			// Subjects=17			8	-58	36	-12	50	12				//23202431-1			// Subjects=8			-9	-96	-1	9	-96	-4	12	-99	20	30	-75	-19				//23202431-2			// Subjects=8			-9	-99	2	12	-99	2	-48	-75	5	51	-69	2	-18	-96	17	12	-99	20	-33	-78	-19	33	-78	-19	-66	-21	-1	-51	-45	8	51	-39	11	-18	-30	-4	18	-30	-4	-18	-69	62	18	-69	59	-36	-48	41	57	-33	41	-51	3	50	57	-3	47	-39	24	38	39	42	26	3	30	35	-42	18	-10	51	18	-7				//23202431-3			// Subjects=8			-60	-15	2	60	-9	-4	-15	-27	-7	15	-27	-7	-9	-99	2	12	-96	17	21	-78	-7	-39	24	41	-3	36	35	-42	21	20	42	21	23				//23202431-4			// Subjects=8			9	-96	-1	-48	-75	5	48	-66	2	-9	-90	41	18	-90	41	24	-84	-19	33	-81	-19	-54	-18	5	50	-18	5	-60	-18	2	60	-12	-1	-45	-84	-25	42	-54	-25	-18	-30	-7	18	-30	-4	30	-60	53	36	-42	44	-54	-45	8	57	-39	11				//23202431-5			// Subjects=8			-48	-24	5	54	-12	-4	-3	-81	-7	-33	-90	11	-27	-78	20				//23202431-6			// Subjects=8			-15	-99	-4	-42	-87	-4	24	-99	-4	42	-84	-10				//23202431-7			// Subjects=8			-57	-15	2	60	-6	-4	-51	6	44				//23734202-1			// Subjects=13			-57	-46	6	66	-14	-1				//23734202-2			// Subjects=13			-54	-24	16				//22248574-1			// Subjects=19			-60	-12	-3	-63	-30	6	-51	12	-18	-33	-30	15	-45	-21	9	-57	-39	15	60	-6	-6	51	-27	0	54	12	-15	63	-30	15	39	-33	30				//22248574-2			// Subjects=19			-51	-42	3	-51	12	-21	-54	-12	-12	-39	30	-9	-57	-60	12	-54	-3	48	-39	-45	-18	27	-63	-48	-3	3	60	-54	21	18	36	-90	12	-39	48	12	51	-12	-12				//22038718-1			// Subjects=23			-8	52	10	10	60	28	16	40	52	-8	58	30	14	32	56	-16	46	42	-2	56	-6	12	54	38	14	50	42	-16	32	56	54	-66	36	50	-68	40				//22038718-2			// Subjects=23			-48	-24	42				//22038718-3			// Subjects=23			40	-80	26	24	-76	50	-6	-60	48	18	-70	56	4	-62	50	-10	-68	34	-20	-74	48	-30	-86	36	-38	-82	24				//22038718-4			// Subjects=23			-28	-14	58	-56	-36	38	-52	6	12	-58	8	18				//22504276-1			// Subjects=20			28	-4	56				//22504276-2			// Subjects=22			-18	-58	4	28	-4	56				//22504276-3			// Subjects=65			10	-78	8				//21596764-1			// Subjects=13			-4	-72	-40	-8	8	68	10	-60	60	-4	-20	4				//21596764-2			// Subjects=13			34	-66	-32	52	-30	62	-14	-74	-48	24	-74	-48				//23209583-1			// Subjects=26			-9	-78	45	0	-75	-27	-15	-72	33	0	-57	-36	27	3	60	-21	3	57	0	30	42				//23209583-2			// Subjects=26			-21	-48	-6	24	-48	-3	-12	-60	6	18	-51	6	-15	-75	24	-9	-72	24	18	-72	33	36	-48	-18	24	-60	21	-6	-78	-24				//23209583-3			// Subjects=26			9	-93	18	-6	-96	21	-3	-96	12				//23209583-4			// Subjects=26			47	-48	-6	18	-51	9	18	-72	33	24	-60	21	18	-36	-12	30	-57	-12	-21	-48	-6	-15	-60	9	-15	-72	30	-12	-75	33	30	-63	-15	9	-69	3	12	-72	12	-9	-69	0	-9	-72	9				//23209583-5			// Subjects=26			9	-93	18	-3	-96	12	-6	-96	24				//23209583-6			// Subjects=26			18	-96	9	24	-93	15	30	-90	12	15	-87	-6	-18	-87	-9	-9	-96	-6	-27	-93	12	-12	-96	6	-18	-63	57	-39	-42	48	18	-63	60	39	-45	54				//23209583-7			// Subjects=26			27	-96	-6	-3	-45	24	6	-48	27	-3	-36	39	9	-24	42	-6	-54	12	6	-69	30	-6	-69	37	-18	-54	3	6	-42	6	9	-54	12	-21	-21	-15	24	-21	-15	-6	36	12	6	30	27	6	42	-6	-27	18	-9	-6	-21	45	-21	57	6	3	9	30	3	18	21	24	57	6	-6	-6	6	6	-12	12	24	18	-6	12	15	0	30	18	-12	33	33	-6	45	-69	42				//20576388-1			// Subjects=16			-42	-66	-24	3	-69	0	3	-84	-21	-3	-75	57	0	-81	51	0	-63	63	0	60	27	27	-90	-18	36	-75	-21	39	-63	-21	-54	18	-15	-3	33	60	0	24	63	54	-75	9	-36	-48	69	3	54	45	0	48	51	-21	-51	45	-54	-75	-3	0	-27	3				//20576388-2			// Subjects=16			57	-69	9	48	-65	0	60	-60	9	9	3	8	0	-24	3	6	-30	0	-51	-66	9	-42	-63	6	-12	21	0	-18	9	-3	6	9	-3	-42	12	-21	-39	0	-15	-42	-12	-3	42	12	-18	15	3	-18	30	15	-18	33	-48	-18	30	-60	-27	42	-51	-21	-57	21	3	42	0	60	36	-21	-21	51	21	39	-39	30	-18	-42	27	-6	-51	-72	-6	3	39	12	33	-12	-39	-42	-84	-18	42	-9	0	33	-3	-18	0	-9	-18	0	39	-12	48	6	54	-39	21	-3				//21612817			// Subjects=26			-60	-62	0	-48	-58	0				//12628177-1			// Subjects=16			-9	60	30	-6	39	48	-54	-21	-15	-36	-9	-39	-30	-18	-15	6	-66	33	-51	-48	30	48	-45	15				//12628177-2			// Subjects=16			-42	21	12	-51	33	-9	-18	60	18	-27	36	-15	0	-51	39	36	-42	-15	0	-72	6	-63	-54	6	33	-12	-30	-33	-9	-30	51	-6	-12	45	-48	-24				//12628177-3			// Subjects=16			21	24	6				//21749924-1			// Subjects=26			-50	24	0	-54	16	18	56	24	12	-46	-2	54	30	-16	68	52	0	48	44	-20	52	-54	0	-20	-60	-10	-2	-50	-54	6	-62	-26	6	-54	-38	4	48	-28	-10	46	-64	8	66	-18	2	46	-20	-6	-6	-52	44	-6	-50	68	24	-8	-12	-4	-34	-4	14	-30	-2				//21749924-2			// Subjects=26			-12	60	-4	-48	28	0	-50	12	20	-54	-2	-20	-64	-22	-8	-56	-46	-2	-50	-54	18	54	-4	-22	52	-54	14	-44	-64	18	-6	-54	40				//21248113			// Subjects=41			-39	-48	42	45	-48	48	-21	9	51	24	12	60	-6	24	39	9	30	27	-33	48	-6	-30	33	36	42	30	33	-42	36	30	-42	45	12	21	-6	-21	42	18	-39	9	-36	33	-12	-69	48	9	-78	48	-51	-63	-9				//20146607-1			// Subjects=15			-8	58	32	-12	34	58	-4	36	-20	-6	-24	40	12	-44	20	-62	-4	-24	46	0	-34	54	-12	-20	-34	16	-26	-34	12	-46	42	12	-30	14	-44	0	24	-24	-16	-38	-82	34	44	-78	38	-28	24	46	-26	40	44	-24	-84	-32	-12	-16	-14				//20146607-2			// Subjects=15			-56	-66	-6				//20146607-3			// Subjects=15			0	62	34	-6	38	-20	-6	52	-4	-2	-54	22	-38	7	-23	36	14	-19	-56	-38	0	50	-12	18	-6	14	-7	-40	-78	34				//20146607-4			// Subjects=15			-56	-68	-6				//20146607-5			// Subjects=15			-44	18	-38	-46	18	-16	-54	6	-28	30	6	-48	-46	-4	-38	-50	-50	10	-10	16	64	-34	10	50	-46	18	16	-36	54	26	-18	-52	-18	-20	8	6	-16	-82	8				//20146607-6			// Subjects=15			2	-52	28	37	-70	32				//20146607-7			// Subjects=15			-52	-72	6	-46	-18	-34	-54	-38	28	-12	16	70	-52	10	44				//20146607-8			// Subjects=15			60	14	20	8	10	64	42	52	26	60	-38	46	-58	-32	50	-36	12	10	34	11	9				//22019857-1			// Subjects=22			-51	6	27	54	6	30	-27	-6	48	-48	42	18	0	-3	30	54	-33	45	-63	-27	36	27	-69	51	-24	-66	39	-30	-48	54	-54	-63	-12	-51	-39	-18	57	-60	-6	18	-72	-45				//22019857-2			// Subjects=22			-42	27	-12	45	27	-12	57	27	9	-12	51	33	3	63	24	6	45	51	12	51	9	3	57	-18	6	21	60	-27	24	45	6	18	-18	-48	-54	24	-45	-69	39	54	-66	24	-3	-60	27	12	-54	39	-18	-54	9	51	-18	-21	-57	-12	-9	-57	-39	3	-63	-39	3	-54	12	-21	30	-48	-6	-21	-39	-9	12	-96	21	-9	-93	21	-21	-75	-9	15	-75	-6	0	-57	-45	-30	-78	-33	30	-78	-33	-9	9	-9	3	-6	9	-27	12	-18				//22019857-3			// Subjects=22			-51	12	21	48	9	27	-51	-63	6	-45	-51	-15	48	-48	-15				//22110619-1			// Subjects=14			-20	-2	-18	-54	16	-10	4	-6	56	2	14	-8	22	-2	-18	0	0	66	12	-16	16	-10	-6	10	-2	14	-8	-16	8	-12	26	8	-4	2	12	40	-14	-8	-20	-44	22	-10	0	8	48	8	10	-8				//22110619-2			// Subjects=14			-38	-32	62	-38	-26	16	-42	-78	-4	16	-92	20				//22110619-3			// Subjects=14			6	-6	60	14	44	8	-2	58	-6	-2	-8	62	-28	20	48	58	10	10	-52	18	14	-22	28	50				//22110619-4			// Subjects=14			-48	-12	-2	-60	-22	2				//21382559-1			// Subjects=13			20	-10	0	24	-88	24	36	-90	8	36	-84	10	-16	-98	-4	-16	-94	22	-46	-80	8	-32	-80	-10	-32	-38	48				//21382559-2			// Subjects=13			14	-86	0	28	-88	28	42	-86	8	36	-88	-2	-4	-90	-10	-20	-94	22	-28	-94	10	-46	-72	-6	-34	-52	60				//21382559-3			// Subjects=13			28	0	62	-24	2	58	30	-40	60	-32	-46	62	38	-76	-8				//21382559-4			// Subjects=13			32	0	64	-28	0	54	30	-44	58	-34	-46	60	36	-78	-12				//21382559-5			// Subjects=13			34	-54	40	-24	-52	42	-8	-88	18				//21382559-6			// Subjects=13			32	-50	34	-16	-56	44				//21382559-7			// Subjects=13			48	-62	14	46	-76	-4	58	-40	16	66	-50	10	-56	-48	16	-40	-66	-6	4	-46	58	22	2	56	36	16	26				//21382559-8			// Subjects=13			50	-68	4	46	-76	-4	62	-38	24	66	-50	10	-50	-68	4	-46	-76	-4	8	-50	52	26	2	56	44	18	24				//21382559-9			// Subjects=13			-16	-100	12	66	-50	6				//21382559-10			// Subjects=13			-12	-100	10	60	-44	2				//21382559-11			// Subjects=13			52	40	8	46	14	42	54	-36	44	40	-82	36	16	22	44				//21382559-12			// Subjects=13			40	36	10	56	-30	36	34	-86	36	12	16	40				//21749711-1			// Subjects=13			4	-72	-10	-2	-76	-42				//21749711-2			// Subjects=13			0	-48	26	16	-68	-4	-46	-58	-30				//21818311-1			// Subjects=20			-2	54	14	-38	36	-18	-4	46	36	-6	12	62	-45	10	30	-44	0	40	-52	22	20	-52	22	-4	6	52	18	44	26	-10	4	52	30	12	2	72	44	0	54	48	24	12	56	24	6	-42	-44	-22	-60	-44	2	-58	-48	8	-52	-28	-12	-52	-12	-20	-32	10	-30	44	-52	-20	54	-48	4	56	-48	6	52	0	-24	42	14	-32	-62	-44	26	-30	-48	62	56	-36	20	34	-42	6	-54	-72	4	-38	-80	-16	-4	-86	4	48	-74	2	38	-84	-14	4	-94	8	-52	-58	8	-6	18	30	-6	-52	42	56	-60	6	8	-56	50	-4	-16	4	-12	-12	-4	-2	-4	-4	-20	-12	-22	-22	-18	-16	-22	-4	-6	-4	-32	-14	-6	-38	-42	8	-16	6	8	-14	-4	4	-4	-6	24	-2	-24	28	-14	-18	8	-28	-14	8	-36	-42	-40	-62	-20	-20	-86	-27	42	-58	-26	18	-80	-42	0	-62	-26				//21818311-2			// Subjects=20			-2	58	22	-10	66	18	-46	8	28	0	16	52	-42	24	18	-50	24	0	6	50	20	14	64	20	54	22	32	6	14	46	50	32	10	44	24	10	-42	-52	-22	-54	-44	6	-54	-18	-18	-52	-34	-6	-34	12	-26	46	-58	-24	58	-12	-22	40	20	-26	-36	-50	62	-60	-36	20	38	-44	48	62	-38	14	-50	-64	-8	-26	-88	4	-36	-74	-16	56	-66	6	-2	26	33	-44	20	-8	50	-62	6	6	18	34	46	12	-6	-6	-16	2	-10	-6	-8	-2	-4	-10	-24	9	-16	-26	-24	-14	-12	2	14	-22	10	4	-14	-2	-2	-2	-30	-22	-2	-28	-18	10	-16	4	16	-16	-8	8	-4	-8	26	-2	-18	26	-16	-16	16	10	14	24	4	4	22	0	-2	4	-24	-8	8	-32	-20	-44	-66	-26	46	-60	-28	2	-62	-38				//21818311-3			// Subjects=20			-3	54	15	-4	58	-10	-40	12	28	-40	4	40	-6	8	48	-48	24	8	-48	18	0	8	48	16	14	50	0	48	4	52	54	14	30	10	6	52	46	26	6	48	26	4	-42	-52	-22	-62	-44	14	-24	8	-26	46	-52	-24	60	-48	6	34	14	-22	-62	-30	20	-28	-54	62	62	-28	38	36	-54	58	-50	-74	6	-34	-80	-18	-2	-72	6	46	-74	-2	52	-68	-12	2	-78	0	-50	-46	4	-4	20	26	-2	40	14	-2	-54	22	-42	20	-8	-40	6	-4	-30	6	-14	-2	-54	56	48	-60	2	8	18	34	2	40	12	6	-52	26	42	16	-8	40	4	-4	40	8	-16	4	-54	58	-4	-14	2	-12	-8	-6	-6	2	-10	-18	-6	-18	-16	-16	-18	-10	14	2	-28	4	0	-14	-6	2	-2	-26	-14	-4	-32	-40	2	-14	-4	8	-16	-8	6	-2	-12	16	-6	-20	24	-16	-18	14	12	4	24	0	0	22	2	-2	4	-26	-14	4	-30	-32	-42	-60	-24	-44	-54	-30	44	-56	-22	40	-50	-30	0	-68	-36				//21818311-4			// Subjects=20			-2	52	14	-36	34	-18	-6	14	52	-48	12	28	-44	4	42	-48	20	12	-44	22	0	8	54	18	40	28	-18	2	14	48	50	6	30	44	4	48	46	26	4	-38	-68	-14	-50	-40	2	-30	4	-22	46	-56	-20	52	-44	6	32	16	-30	-48	-30	24	60	-30	26	-54	-68	6	-36	-76	-16	50	-68	2	44	-50	-24	-50	-54	-4	-6	22	30	-38	24	-6	-34	4	-22	52	-54	2	12	-18	38	48	12	-2	-6	-14	0	-10	-12	-6	-2	-4	-4	-20	-8	-22	-20	-14	-18	-2	-30	-12	6	-10	-2	14	-18	-6	4	-8	-6	22	-8	-20	24	-14	-16	4	-30	-12	-40	-58	-24	42	-58	-30	0	-62	-36				//21818311-5			// Subjects=20			-60	-46	2	-52	-28	-12	-54	4	-24	68	-40	-2	34	8	-40	0	-56	54	4	-92	10	-52	-44	8	64	-56	18				//21818311-6			// Subjects=20			-36	30	4	68	-24	30	-28	-60	-10	32	-62	-8	-26	-88	6	-26	-94	24	32	-90	12	40	8	-14	0	-16	-18	0	-30	-20	-8	-6	-10	-26	-6	-16	-7	-6	-12	0	-70	-10				//21818311-7			// Subjects=20			-4	40	-16	0	38	-16	4	38	-16	-56	-62	-12	42	-74	-10	-22	-54	68	-26	-74	52	28	-50	70	36	-54	56	-4	36	-14	-4	-38	32	-8	-78	44	-2	-76	48	4	36	-12	2	-38	32	6	-78	50	8	-70	38	-28	-60	-30				//15091347-1			// Subjects=14			56	-30	22	-46	-40	20	20	-44	68				//15091347-2			// Subjects=14			54	-32	22	-16	-46	74	-58	-34	18	-30	-26	14				//15091347-3			// Subjects=14			-64	-24	24	-28	-44	52	-22	-90	-10	36	-80	0	10	-46	20				//15165355-1			// Subjects=15			42	-78	12	-36	-90	12	51	-69	-12	-48	-66	-12	21	-72	54	-18	-60	63				//15165355-2			// Subjects=15			54	-60	0	-45	-72	3	36	-33	42	-42	-42	51				//15165355-3			// Subjects=15			30	-45	-15	-18	-51	-18	36	-81	-15				//19781579-1			// Subjects=17			47	9	37	53	-66	-11	-24	-58	45	-46	-18	48	55	31	7	18	-57	51				//19781579-2			// Subjects=17			42	-68	3	-25	-56	47	44	12	31	22	-54	51	-46	-18	47	29	-63	-17				//19781579-3			// Subjects=17			44	10	33	-24	-57	44	55	-63	-13	-46	-18	48	18	-57	51				//15511655-1			// Subjects=14			-45	33	33	-3	-39	33	-36	-69	51	39	-60	33				//15511655-2			// Subjects=14			-45	33	33	-3	-39	33	-51	-57	39	-39	-63	33	-42	-60	27	54	-48	45	45	-69	42	57	-66	24				//19733672-1			// Subjects=18			-10	-98	0	12	-88	4	24	-96	18	-48	4	46	0	-68	30				//19733672-2			// Subjects=18			-2	-64	30	-44	-54	22	-6	56	34	-8	34	56	-16	58	24				//19733672-3			// Subjects=18			-56	-44	4	-48	4	48	-4	8	64	-12	-98	0	20	-98	6	-8	-50	38	53	-18	-14	54	12	-24	48	18	28	54	26	8				//16628606			// Subjects=13			54	-58	-24	-2	-56	56	60	-32	18	-56	-38	36	-2	-12	40				//20132831-1			// Subjects=19			-33	-81	36	39	-81	27	9	-81	-39	-42	-72	21	30	-69	-48	-45	-63	-33	30	-63	-33	-54	-51	-18	-9	-48	9	51	-48	-24	33	-36	-18	-33	-36	-18	-18	-12	-27	39	-12	-33	-18	-3	21	-21	0	-27	-30	6	60	42	9	27	-3	18	54	-42	24	-6	48	27	15	-33	30	-18	-48	33	18	39	33	-18				//20132831-2			// Subjects=19			-36	-96	9	36	-87	18	-30	-81	-3	-27	-75	27	-9	-75	-36	-33	-69	18	3	-66	-6	-27	-63	42	15	-63	51	-18	-63	-42	63	-9	-9	-42	3	36	-27	9	-6	-60	15	24	18	15	45	-27	21	36	57	24	9	-39	33	18	45	36	15				//20132831-3			// Subjects=19			21	-81	3	15	-78	48	21	-78	21	-6	-72	33	3	-72	-24	3	-66	15	-45	-66	-33	-30	-66	-45	18	-66	-42	-6	-63	51	12	-57	69	18	-48	12	57	-48	-3	-15	-45	-3	21	-42	30	-57	-42	45	-33	-39	-15	42	-36	-21	54	-36	42	-21	-27	-18	-24	-12	-24	27	-6	-36	54	-3	-27	-51	0	-27	27	0	-21	-27	9	9	60	12	-3	27	24	54	9	24	-15	-30	30	-18	30	39	24	39	39	-6	-24	57	0	18	57	30				//20132831-4			// Subjects=19			39	-87	18	-42	-84	27	-36	-81	12	-15	-66	54	-9	-66	57	39	-54	57	-33	-45	45	36	-39	39	-15	-24	9	30	3	60	24	9	51				//20132831-5			// Subjects=19			-18	-72	3	3	-69	15	0	-66	-30	30	-63	-33	-48	-57	33	-6	-54	33	18	-51	15	-9	-51	-30	-9	-48	9	-33	-39	-15	48	-33	-18	0	-33	45	15	-33	33	-6	-3	72	-18	-3	21	42	-3	-27	-21	0	-27	-51	0	-27	39	15	-42	3	15	24	36	21	30	-33	27	-21	39	39	-9	6	39	-9	24	42	45	3	51	18				//20132831-6			// Subjects=19			-36	39	12	-12	-39	15	33	-39	36	21	-72	54	-15	-75	54	-33	-69	18				//20132831-7			// Subjects=19			-6	-51	69	15	-57	69	30	-54	51	-6	-57	51	-18	-3	24				//20039023-1			// Subjects=15			33	-76	19	-21	-85	22	0	-82	-5	30	2	55	45	38	22	36	5	43	-24	5	58	18	-55	64	18	-73	49	-15	-61	46	-21	-46	-11				//20039023-2			// Subjects=15			-18	-67	55	-9	-55	64	-30	-85	16	-15	-91	16	18	-70	49	18	-55	64	12	-64	58	3	-94	7	15	-94	13	36	-76	28	-21	-64	-11	-30	-64	-23	24	-76	-14	21	5	58	-27	-7	55				//20570684-1			// Subjects=25			-44	-21	1	65	-26	16	-55	-27	11	63	-25	12	50	-36	48	40	-50	47	-34	-30	-15	38	-26	-19	-28	-22	-21	36	-24	-24	8	-69	20	6	-69	26	-18	-64	5	46	-12	37	6	-16	36	-14	21	-1	-16	14	10				//20570684-2			// Subjects=25			-32	-16	-13	-8	14	9	-20	4	5				//20570684-3			// Subjects=25			32	-14	-18	-22	4	2	28	-5	9	-4	16	-1	0	0	7				//20570684-4			// Subjects=25			-20	-12	-16	24	-1	-13				//20949046-1			// Subjects=14			-22	-76	44	22	8	60	0	-62	-24	-12	-4	50	20	-64	58	-20	2	54	-34	-14	52	-32	-84	18	-14	-20	42	36	-82	16	20	-44	-24	-18	-48	-16	20	-72	50				//20949046-2			// Subjects=14			36	-14	60	-38	-20	56	-20	-60	56	-48	-46	42	4	-50	-22	44	2	-2	-20	0	56	-4	0	60	-22	-72	36	28	-42	-34	20	-62	56				//20949046-3			// Subjects=14			-34	-14	54	-20	0	54	-4	2	58	-22	-72	36	20	-62	56	-22	-62	52	32	-12	60				//20949046-4			// Subjects=14			20	-48	-10	10	-74	-6	-6	-90	-2	26	-78	50	36	-8	-34	-20	-82	38	26	30	-8	-36	24	6	42	-44	10	-18	-68	40				//20949046-5			// Subjects=14			-58	-54	-6	-46	-52	24	-40	-82	-8	-40	-74	46				//20949046-6			// Subjects=14			-42	-36	22	-20	-18	66	8	-62	66	42	-80	28	-40	-82	28	-26	14	54	14	-50	56	18	-64	-8	-32	-84	38	-6	-56	66	40	-4	44	52	-70	2	-30	2	6	-14	-68	62	20	-52	66	28	6	-34				//20949046-7			// Subjects=14			62	-6	-18	-46	-46	-24	-2	-30	72	10	-100	10	56	-4	38	14	50	24	38	20	-28	46	8	-30	66	-40	-2	-58	-42	-4	-32	0	-28	52	24	-10	0	-72	6	-48	-70	-18	-52	10	-22	50	-30	-10	-14	-106	4	62	-58	12	-34	24	-24	-48	46	-16	26	-30	-36	-44	26	-14	32	-26	62	24	-70	-30	66	-32	38	20	-4	-24				//20949046-8			// Subjects=14			-32	-12	54	12	-80	30	-48	-22	18	66	-40	28	48	-68	0	10	-50	52	34	-4	42	-26	4	6	-42	-84	30	46	6	2	46	-2	10	20	8	-12	-48	-74	2	14	-54	-20	-2	-88	-6	-56	2	12	26	4	-34	-8	60	10				//21148091-1			// Subjects=24			-32	-46	62	-24	4	8	-34	-16	62	-32	-26	16	52	-22	18	16	-62	-46				//21148091-2			// Subjects=24			-50	-30	20	-38	-38	62	-56	-26	22	20	-60	-46	-56	-26	44	-56	-22	30	-38	-12	64	14	-68	-44	46	-32	24	-16	-22	4	54	-28	24	-58	2	36				//20738888			// Subjects=17			-54	12	-21	42	-45	-21	54	-36	0	57	3	18	-39	-3	51	36	-63	18	3	-66	-27	-9	51	30	-3	51	-15	-15	-6	12				//19376237-1			// Subjects=16			52	-44	0	60	-44	12	12	-72	44	4	-32	28	-12	-48	40	0	-40	40	4	-44	52	-4	-44	20				//19376237-2			// Subjects=16			8	-72	44				//19376237-3			// Subjects=16			-8	-44	36	4	-32	28				//19596123-1			// Subjects=26			-26	-80	-12	-22	-26	-4	50	2	42	-46	-2	52	8	-74	-40	-8	-74	-44	6	10	62	-6	8	60	32	-50	54	-28	-50	54	-28	12	-22	-12	-16	44	28	8	-4	56	18	4	22	-4	-18	-22	-6	-18				//19596123-2			// Subjects=13			12	-82	8	10	-96	-2	-12	-100	-8	-34	-52	-12	26	-4	-24				//18412134-1			// Subjects=13			45	-81	-8	-42	-81	4	24	-51	68	-57	-42	16	-33	-33	52	-57	-24	32	42	6	52	48	-36	12	-42	6	44				//18412134-2			// Subjects=13			-61	-8	-11	-54	-24	4	-45	-78	-4	60	-9	-8	56	-26	1	47	-68	-11	-45	6	48	-3	-33	-8	48	9	44	51	27	24	33	-36	52	-39	-39	64				//18412134-3			// Subjects=13			-54	-24	4	-58	25	21	57	-24	-4				//18412134-4			// Subjects=13			-57	-12	-8				//18412134-5			// Subjects=13			57	-27	8				//18412134-6			// Subjects=13			27	-99	12	-15	-105	4	30	-33	52	69	-36	0				//18412134-7			// Subjects=13			45	-42	-20	-45	-87	4	-39	-39	52	45	-33	56	-18	0	48	27	-63	-56	27	-3	56	63	-45	0				//18412134-8			// Subjects=13			-39	-39	52	42	-33	52	-39	3	52	15	-30	-4				//18412134-9			// Subjects=13			-39	-36	48	-30	-57	-24				//19300986			// Subjects=10			45	-72	30	-30	-72	42	-39	-72	36	-15	-57	21	9	-57	57	12	-54	21	18	-48	6	-42	-45	51	39	-45	-30	24	-39	-3	45	-36	48	42	-33	42	-30	-18	-18	21	-15	-18	27	-6	51	-45	24	-27				//18801445			// Subjects=12			4	-56	-18	-28	-52	-28	22	-50	-24	-42	-32	58	-34	-22	56	-50	-22	54	-14	-22	-2	-48	-20	48	-60	10	20	10	-70	-46				//18823249-1			// Subjects=34			-42	-84	-2	-44	-52	-16	-34	6	20	-28	-20	-14	-52	-24	42	-24	-50	52	-36	-38	36	-30	-68	28	-38	48	-16	-20	4	-6	-34	-24	-4	-60	2	46	-52	-20	24	44	-86	-2	44	-58	-18	28	-50	54	28	4	-6	30	-22	0	30	4	-14	32	-30	-2	26	-34	4	60	-10	56				//18823249-2			// Subjects=34			-44	-72	8	-28	-10	-16	-26	-72	38	-20	6	-8	-28	-18	2	-16	-6	24	-54	-16	54	-14	26	50	-20	-42	62	38	-68	8	30	-20	-16	52	-8	52	26	-20	8	28	-12	14	24	4	-6	16	56	12	12	42	10				//18823249-3			// Subjects=34			-64	-8	-2	-60	4	-16	-2	-82	-16	-2	-90	0	56	-18	4	4	-62	10	4	-76	-6				//19500000-1			// Subjects=5			48	-52	10	-48	-34	46	-20	-26	-16	-48	-18	0	16	-68	66	18	-22	-10	16	-74	-18	52	-38	36	-20	-74	52	-56	2	26	24	-6	-66	-16	-88	-6	36	-54	-12	-38	-70	2	8	-52	-46	-52	20	16	48	-10	22	-36	-62	-14	-30	-30	24	-58	-22	2	66	0	18	60	-8	-47	-50	-8	40	2	-18	72	48	-78	6	-34	-2	-24	12	-92	-14	20	-18	2				//19500000-2			// Subjects=5			58	-52	46	-8	-40	74	-44	-44	56	28	-60	40	-30	-66	50	-60	-18	28	28	-94	-12	-4	-6	32	20	-100	-12	-10	-48	70	36	-32	54	-22	-42	-14				//19500000-3			// Subjects=5			-28	-94	24	22	-90	-4	-22	-66	64	42	-58	-6	40	-64	-48	42	-82	-10	50	-12	-6	-30	-86	-20	22	-76	52	14	-28	-16	68	-16	-8	6	-62	68	-26	-30	-10	40	-32	38	-50	-24	58	48	-80	4				//19531876-1			// Subjects=13			34	20	-4	-34	20	2	-44	-32	44	-66	-16	20	14	-76	56	-24	2	50	-52	12	38	46	50	-10	-46	46	-16	-26	64	4	-48	28	12	66	-12	34	52	18	22	-54	18	4	26	-16	-28	38	-24	-12	18	22	42	-8	30	38	-8	12	60	-24	16	12	24	-60	-38	-26	-72	22	46	-68	2	-26	-102	-4				//19531876-2			// Subjects=13			48	-68	2	-44	-70	-16	20	-96	10	-8	-104	-4	-22	-96	6	36	-44	54	-36	-46	38	-34	-44	48	-38	-48	-28	-54	-66	16	-44	14	52	-8	40	40				//19531876-3			// Subjects=13			28	-38	-50	-22	-4	74	16	2	58	44	-66	-10	-44	-8	4	50	6	4	-6	4	48	46	-26	32	16	-70	52	-46	-74	-20	32	-70	22	24	-2	6	56	6	42	-26	-86	-4				//19531876-4			// Subjects=13			-58	-2	2	56	-20	44	54	16	-6	44	-64	0	-38	-76	-18	44	-56	-40	-27	-70	-38	-14	-54	54	-56	2	44	-32	18	4	18	2	12	22	50	20				//19531876-5			// Subjects=13			16	-68	50	66	-14	24	-34	-80	18	44	-74	12	-32	14	10	-40	18	0	38	18	2	-28	64	6	-20	-4	62	34	4	56	-58	10	34	46	44	26	-44	52	14	-62	4	18	46	20	26	-26	-104	-2	26	-32	-2	38	-20	-10	-64	-34	22	-50	-36	26	6	-62	-34	-20	-74	-48	-34	-62	-34	40	-58	-44	20	0	20	-14	20	-4				//19531876-6			// Subjects=13			-26	-70	32	38	-68	38	18	-62	46	-26	-86	-4	26	-86	-6	58	-54	-14	40	-68	-12				//19531876-7			// Subjects=13			-12	-94	20	18	-80	24	6	-62	0				//19531876-8			// Subjects=13			-10	-16	32	-10	-88	34	-16	58	14	62	4	-6	-20	20	50	22	46	16	34	-6	38	-36	56	-4				//17504783-1			// Subjects=12			-52	-20	4	-48	2	-14	-40	-42	-14	50	-12	6	50	12	-22	-38	-6	58	-46	-6	50				//17504783-2			// Subjects=12			-56	-20	4	64	-18	-6	-60	6	-12	54	4	-16	48	-50	-22	-16	-96	20	14	-92	20	-52	-70	8	52	-68	6	22	-76	-38	-46	-50	-18	-54	32	0	44	14	20				//17504783-3			// Subjects=12			-14	-96	16	12	-92	20	-48	-82	8	52	-68	6				//17504783-4			// Subjects=12			-50	-16	4	48	-16	8	-20	-54	2	12	-62	6				//18698363-1			// Subjects=16			10	-90	-4	20	-94	6	22	-92	20	-46	-76	2	26	2	56	-32	-64	-32	24	-28	-4	-28	-4	54	-18	-58	14	22	-58	16	-14	-18	44	-42	-28	44	0	-74	-32	8	-68	-42	-22	-28	-8	-18	-64	66	34	-46	50				//18698363-2			// Subjects=16			-26	-48	-16	38	16	-28	4	-90	34				//18698363-3			// Subjects=16			-34	52	-4	-10	22	46	8	26	40	-2	38	40	46	38	26	42	26	26	12	-82	-28	-38	28	22	-22	-48	-10	50	10	34	12	10	16	-60	-58	-14	-16	-76	2	54	-50	34	6	-10	-6	26	64	10	-6	-66	24	-4	-68	62	4	-66	62	20	-56	6	14	-60	-32	-10	6	16	20	-76	-2	28	-66	-8	66	-28	-18	20	-60	54	-60	-36	-12	-36	-74	48				//18698363-4			// Subjects=16			-22	-48	-14	30	-50	-16	48	42	-16	-22	50	42	34	16	-26	-50	34	30	12	-26	2	44	28	20	-2	-66	56	24	16	64	54	-52	36	-6	46	32	-14	-58	12	-50	-72	24				//18698363-5			// Subjects=16			2	48	-14	-8	60	26	-36	20	50	56	30	0	-60	20	8	-36	6	46	68	-40	24	60	-54	34	6	14	70	-4	10	66	-18	-28	66	56	-8	-12	-66	-22	6	60	-34	4	-52	0	-28	-28	-4	-42	-30	6	-18	30	-12	-14	26	-38	-10	32	-48	-16	-26	-62	-4	-34	-82	-18	0	42	26	4	-58	32	8	-90	36	-2	-88	38	-36	6	-12	20	8	-6	-18	4	-10	12	-24	4	-14	-24	0	-50	-64	-22				//18698363-6			// Subjects=16			10	46	48	-12	58	28	34	32	48	-36	24	36	62	26	12	-36	26	24	-8	-22	36	42	-10	50	-50	-6	44	62	-8	38	-36	-20	36	66	-30	36	-54	-40	36	-44	-66	42	22	-58	54	-36	-62	52	48	-36	12	-64	44	16	50	-12	-16	-30	10	-34	48	-48	-26	-52	-56	-20	0	-48	24	2	-58	48	-6	2	10	-14	-24	2	6	-30	-50	-50	-64	-20				//18698363-7			// Subjects=16			54	30	-2	-4	-22	42	50	0	40	-22	-22	60	22	-36	64	-64	-48	24	-48	66	30	60	-6	-4	-52	-20	-4	0	-46	28	16	-44	30	4	-46	20	-34	-26	20				//18698363-8			// Subjects=16			-30	-50	-6	-20	-32	4	-34	-46	-20	-32	-2	18	-34	6	20	-14	-84	50	-28	-86	12	-20	-86	26	14	-90	32	46	-78	26	30	-42	-10	50	-56	-8	-20	-4	56	34	14	-44	-60	-58	32				//18768725-1			// Subjects=10			-42	-68	48	-8	0	24	-12	-86	-28	-6	-78	-48	60	20	4	54	30	20	44	12	18	-52	-68	-10	56	-66	-6	-50	-62	-18	64	-30	-18	-38	0	6	8	72	12	2	-6	38	4	20	32	-42	56	6	-36	52	2	52	44	16	-28	-84	32	-64	-12	-18	14	0	6	32	-36	66	-64	-10	20	12	-36	6	54	2	30	-22	-42	18	-16	72	6	-26	-78	54	-8	-32	6	12	-10	8	-2	-50	-30				//18768725-2			// Subjects=10			-2	2	26	-30	-90	-26	40	-60	-32	20	-36	-2	-32	-56	48	48	-72	-10	-54	12	24	54	20	10	54	32	30	-54	-70	-8	-40	0	-4	38	6	-10	2	-80	-2	6	-70	2	8	40	-6	-38	58	16	52	42	20	-52	-74	0	28	-92	2	62	-6	-26	14	-14	-20	-60	-16	40	-20	-16	62	48	10	36	-12	-40	4	-20	70	8	32	64	16	28	-66	50	-18	-52	66	-16	-18	12	0	-26	-24	-6	-44	-30				//18608980-1			// Subjects=10			25	41	20	36	33	23	36	41	30	54	15	16	-43	0	13	43	11	13	51	7	20	-22	-7	56	25	-11	50	-40	0	30	25	-30	-3	-36	-52	0	-18	-26	-7	-36	-48	20	43	-59	0	32	-44	-10	-51	-41	20	-58	-26	26	14	-44	40	22	-9	0	-22	0	0	-18	-70	43	22	-70	46	-14	-78	36	14	-78	40	-25	-85	-3	29	-85	-3	-18	-93	-7	-11	-89	-16	18	-78	-20	-18	-22	16	22	-30	3	-22	-15	0	-14	-19	-3				//18608980-2			// Subjects=10			51	4	26	-32	-30	20	47	7	13	47	4	30	-25	-11	53	-40	-26	53	25	-7	46	54	-15	26	40	-67	3	-40	-67	3	25	-44	-13	-47	-30	30	58	-19	20	47	-59	10	-25	-70	13	11	-22	0	22	-67	36	-7	-74	43	22	-74	33	-25	-78	7	-25	-85	-3	29	-78	13	18	-89	-10	-14	-89	-3	4	-22	-7	-22	-81	-13	7	-63	-43	-14	-15	10	14	-11	10	-25	-4	13	-14	-15	20				//18608980-3			// Subjects=10			47	33	30	54	15	16	43	15	7	51	7	20	-25	-19	56	25	-11	50	-36	-44	40	40	-41	40	32	-37	-3	43	-44	-4	-18	-26	-7	32	-48	-7	-51	-56	-3	32	-44	-10	-25	-41	-7	54	-33	33	-32	-44	43	32	-70	23	-32	-34	33	11	-44	40	14	-44	20	-22	-19	0	22	-74	43	-14	-63	53	-14	-78	36	25	-74	30	14	-93	-3	-25	-85	3	-11	-93	-13	-11	-89	-16	18	-81	-20	-7	-15	7	11	-19	7	22	-22	3				//18608980-4			// Subjects=10			-32	4	26	-32	-33	7	43	-19	16	-4	-22	43	1	-11	46	0	-15	50	-4	-19	53	-29	-33	53	32	-41	40	-29	-30	46	47	-52	-10	-40	-70	3	47	-26	20	32	-67	13	-36	-30	16	-29	-37	56	40	-44	46	36	-52	33	-22	-52	36	-14	-30	0	14	-63	43	-4	-74	40	-7	52	7	0	-52	10	0	-56	16	36	-70	7	-18	-70	33	-22	-81	13	18	-89	-3	18	-89	-10	-11	-89	3	-18	-85	-16	22	-81	-16	-11	-19	10				//17412611-1			// Subjects=20			6	9	69	-42	-21	60	42	-39	57	6	-81	-9	-30	-66	-33	33	-54	-33	0	-51	45	-6	-24	42	60	-60	9	-63	-42	12	51	12	39	-48	24	27	36	0	-30	6	36	-118	-3	3	-6	33	12	-45	-51	9	-15	-12	-6	0				//17412611-2			// Subjects=20			-3	0	60	9	-75	-6	9	-51	54	-21	-72	-18	27	-66	-21	-42	-81	9	48	-69	-3	-57	9	9	-39	21	-3	48	9	36	45	12	-3	0	66	18	-60	-30	27	15	-15	6	9	-27	45	-24	-81	36	18	-81	36	-39	-9	57	24	-3	60				//17412611-3			// Subjects=20			-9	-87	3	-57	-21	18	33	-87	18	-36	-9	-9	39	-12	-3	60	-6	-33	18	6	-3	-24	0	-3				//17412611-4			// Subjects=20			12	-84	6	33	-21	54	-15	-9	57	21	48	-9	42	42	24				//17412611-5			// Subjects=20			-3	6	54	-54	9	12	51	21	-3	-42	36	30	-60	-36	24	-42	-36	54	66	-24	30	54	-48	0	12	-27	39	24	-48	-24	-24	-75	-24	-3	-78	15	18	6	12	9	-60	60	36	-36	45	48	0	45	36	36	30	3	45	6	-60	-51	9				//17412611-6			// Subjects=20			3	12	60	15	-69	0	30	24	9	-36	-66	-33	21	-33	-24	21	6	60	-33	-33	45	48	33	12	-12	-84	48	24	-66	60	60	-51	3	-39	18	12				//17412611-7			// Subjects=20			0	-75	3	48	-69	0	9	-15	51	27	-24	57	-24	-12	57	63	-15	24	-60	-24	21	-57	-39	27	0	-66	-33	-30	-48	-30	30	-42	-30	-6	3	42	-15	-81	39	-39	-69	3	45	12	0	-9	-33	-33				//17412611-8			// Subjects=20			15	-84	36	-12	-84	42	-33	9	-6	-15	-48	66	3	-51	-27	-6	-72	-3	-42	-78	3	51	-69	-6	21	-69	-9	9	-57	57	-57	-33	42	66	-30	24	57	18	3	-9	-21	42	9	-27	42	-36	-15	-3	-39	0	-24	-3	42	33	45	6	36	-45	0	48	33	-33	39	-36	24	-6	-18	-57	60	6	-15	72	-21	-75	36				//17412611-9			// Subjects=20			6	21	48	39	-51	-30	-45	-57	-27	-3	-57	51	-48	-66	-12	-18	-78	33	51	9	42	42	-84	-9	-45	-75	12	-27	-60	-15	9	-84	-9	18	6	66	57	-51	3	48	-66	-9	21	-81	48	-21	9	60	-36	-6	54	-54	-60	6				//17412611-10			// Subjects=20			6	-66	51	36	-81	-15	-33	-84	-18	48	15	27	12	-87	3	-21	-60	-12	-24	51	18	27	54	9	54	-42	21	-9	-93	3	39	-45	-39	-36	-66	-30	42	-42	45	-27	-57	54	-18	-87	36	-48	-69	6	54	-60	9	33	21	-2	21	-96	21	-33	30	-3	-12	-12	3	33	-3	54				//17412611-11			// Subjects=20			6	33	42	45	15	33				//17298595-1			// Subjects=9			-12	-60	6	-24	-22	-16	-26	6	52	-32	40	22	-34	-46	32	-8	-54	-18	20	-54	2	34	2	50	12	40	44	40	20	-10	56	-40	-2	54	8	-20	42	-48	30	46	-44	-28	2	-88	6	4	-72	-10				//17298595-2			// Subjects=9			-16	-58	20	-24	-38	-12	-26	-10	48	-6	8	56	-34	38	12	-30	23	32	-16	20	32	-32	-38	40	-16	-78	-8	-2	-14	-18	-4	-72	-18	16	-54	14	24	-38	-6	24	-36	-2	34	30	30	28	30	2	36	-64	46	8	-18	20	6	-68	-22				//16687157			// Subjects=20			60	-36	0	3	57	6	6	-84	-12	60	24	27	30	-39	60	-6	30	36	-45	36	30	18	15	36	-51	-72	15	-39	-81	-18	-33	-60	-27	-60	-3	-27	-42	27	-15	-18	-66	63	6	-93	0	6	6	42	3	12	27	-27	45	36	30	-57	60	51	-72	9	48	-63	-15	12	39	18	-3	-87	27	-12	-69	6				//16467858			// Subjects=10			10	-60	58	-58	-42	36	10	-90	24	28	-6	68	60	24	14	38	57	-8	-34	50	-6	-3	-4	41	-12	8	6	10	8	6	60	12	0	4	24	6	38	-10	8				//16436599			// Subjects=20			-50	-56	-36	-20	-4	30	-26	10	-6	-32	-56	46	-52	-32	44				//15809000-1			// Subjects=22			-50	-2	50	-2	4	62	-42	20	18	-56	-26	-16	-58	-44	-6				//15809000-2			// Subjects=22			-16	0	10	-8	-14	0	-50	0	50	0	6	64	-44	34	-8	-40	24	18	-52	22	36	-54	-4	-24	-56	-26	-16	-60	-42	-6	-60	-58	6	16	-78	-40	50	2	52	56	24	28	58	-10	-26	56	-36	-14	56	-44	-6				//15809000-3			// Subjects=22			-24	-80	-42	-8	-32	-10	-18	6	6	-12	8	12	-8	-12	0	-10	-4	10	-48	2	48	0	6	64	-44	34	-8	-46	26	16	-46	18	30	-54	-10	-24	-56	-26	-16	-62	-40	-6	-46	-54	12	-58	-60	10	-52	-72	28	20	-80	-40	50	4	48	52	30	30	56	24	24	58	20	20	56	-8	-28	56	-34	-14	56	-44	-8	60	-58	14	-6	60	24	-8	52	46	-8	-54	36	-28	-22	-10	-24	-6	-20	6	60	24	20	44	50	4	-64	32				//15809000-4			// Subjects=22			-16	-4	6	-8	-12	0	-44	0	46	-6	6	66	-44	34	-10	-42	22	18	-46	18	30	-54	-6	-24	-60	-18	-16	-64	-44	-2	-44	-52	10	-56	-58	8	-6	60	30	-8	52	46	-6	-56	32	18	-78	-40	56	-12	-26	50	-24	-18	60	-58	14	10	64	26				//15809000-5			// Subjects=22			-58	-58	8	48	12	48	52	24	32	56	-6	-26	54	-60	14	54	-60	24	0	54	22	12	50	40	6	-66	34				//15800188-1			// Subjects=11			-46	6	36	-32	-56	56	-30	-48	44	-14	-54	58	-16	-74	36	30	54	0	22	52	2	28	-2	44	42	8	32	34	-50	46	54	-38	52	18	-68	60	28	-76	46				//15800188-2			// Subjects=11			4	-62	24				//15800188-3			// Subjects=11			-22	-12	-14	-20	-12	-18				//15935262-1			// Subjects=15			66	-45	12	-42	-72	12	9	27	57				//15935262-2			// Subjects=15			51	-69	-6				//15935262-3			// Subjects=15			-12	-99	-9	
